1.09015e-05 7.65153e-07 3.69274e-05 2.34065e-05 0.000235424 2.13329e-05 0.999582 8.66921e-05 2.38998e-06 6.54567e-07 
0.152633 0.00282994 0.0630267 0.503965 0.0273809 0.0931346 0.010605 0.0869375 0.0503978 0.00908946 
0.951408 4.99902e-05 0.00181004 0.00181301 0.000634905 0.00278897 0.000193662 0.00240283 0.0387148 0.000184241 
6.22379e-06 1.51958e-05 4.90466e-06 1.58592e-05 4.65372e-06 8.462e-06 9.11359e-07 7.02557e-06 8.99544e-07 0.999936 
7.97934e-06 0.999444 4.0154e-05 2.62508e-05 2.437e-05 1.17104e-05 5.05939e-06 4.88133e-05 0.000158519 0.000233131 
0.660981 0.000624384 0.0243085 0.0814264 0.0438923 0.0317893 0.00243043 0.152116 0.00188335 0.000548037 
1.43333e-05 1.56029e-05 6.36316e-05 3.80672e-05 1.09422e-05 1.62118e-05 1.28213e-06 2.49174e-05 8.95087e-07 0.999814 
7.02143e-05 8.20691e-06 0.00198123 0.000366498 0.994255 0.000189559 0.0019326 0.00117081 1.88195e-05 7.02506e-06 
8.96131e-05 4.36247e-06 1.45725e-05 2.59853e-05 1.05218e-05 3.91105e-05 2.55869e-05 2.04471e-05 0.999769 7.48628e-07 
7.96231e-05 6.69959e-06 0.000135011 0.00168553 0.000379371 0.997164 6.02492e-05 0.000256506 9.30893e-05 0.000139769 
0.000595962 1.61901e-05 0.99061 0.000549722 0.00292871 0.0045106 8.11171e-05 0.000653298 4.06151e-05 1.38448e-05 
2.03299e-05 1.98669e-06 0.000495158 5.61202e-05 0.998839 3.34878e-05 5.98392e-05 0.000488069 4.57212e-06 1.70671e-06 
0.00879276 4.66189e-05 0.979527 0.0015242 0.000890699 0.00598067 0.000233574 0.00284823 0.000115991 3.98657e-05 
0.999597 3.92561e-06 0.000108328 8.54581e-05 4.68966e-05 2.05227e-05 7.11441e-06 0.000113943 1.37341e-05 3.54077e-06 
0.000239306 2.33398e-05 0.851339 0.00359632 0.00028436 0.142908 0.000119133 0.00141509 5.44711e-05 2.03333e-05 
9.16859e-06 2.04485e-07 7.9583e-06 1.84355e-05 8.37405e-06 4.11149e-06 6.68338e-07 9.70918e-06 4.29599e-07 0.999941 
5.47161e-05 9.09676e-06 0.997471 0.00208514 5.34012e-05 0.0002008 1.42552e-05 8.96207e-05 4.93326e-06 1.72851e-05 
0.00154915 0.000121352 0.755908 0.0147865 0.209791 0.00745603 0.00113341 0.00876866 0.000353776 0.00013206 
4.39355e-06 0.999902 1.40982e-05 8.84357e-06 1.75871e-05 8.55589e-06 2.40635e-06 3.18067e-05 2.95084e-06 7.34443e-06 
4.98407e-05 4.15009e-06 0.000198908 0.000372168 7.994e-05 0.997833 2.0375e-05 0.00142918 9.12547e-06 3.26668e-06 
0.0250629 0.000543043 0.0369732 0.0148901 0.201849 0.64828 0.0245206 0.0461309 0.00127476 0.000475851 
8.29295e-05 2.63764e-06 1.55198e-05 1.89299e-05 2.01591e-05 0.000122393 4.92436e-06 2.17762e-05 0.999706 5.20184e-06 
5.79829e-05 6.1872e-06 0.000732993 0.000133351 0.998113 0.000168253 5.08629e-05 0.000716665 1.57072e-05 5.29092e-06 
1.33118e-05 1.55593e-06 0.00262574 5.67187e-05 0.0201729 4.59686e-05 0.977036 4.3137e-05 3.56795e-06 1.33187e-06 
6.69797e-06 0.999832 2.88857e-05 1.00011e-05 5.78162e-05 8.08438e-06 2.87064e-06 3.99911e-05 4.96179e-06 8.74662e-06 
5.80212e-06 8.2378e-07 2.9789e-05 0.000371626 3.53769e-05 1.01672e-05 0.999518 2.62208e-05 1.72466e-06 4.7235e-07 
0.00120055 0.976236 0.00286476 0.00250429 0.00510087 0.00137931 0.000451042 0.00733926 0.000283782 0.00264025 
0.012698 0.00124658 0.47236 0.179048 0.0552367 0.107464 0.0082519 0.0411607 0.121195 0.00133959 
4.49515e-05 4.40481e-06 0.000738617 0.857378 0.000298271 0.14101 1.6303e-05 0.000496544 9.84809e-06 3.67616e-06 
3.02433e-05 1.93468e-06 0.000132194 0.000143891 0.000130533 4.48242e-05 0.999437 6.22262e-05 1.53416e-05 1.69329e-06 
1.98919e-05 1.02368e-05 2.72271e-05 6.66128e-05 1.31769e-05 1.79649e-05 3.37027e-06 3.59972e-05 8.37393e-05 0.999722 
5.58282e-05 0.999416 6.59205e-05 9.03489e-05 4.39699e-05 5.07159e-05 1.44115e-05 0.000244932 7.61763e-06 1.01445e-05 
8.42509e-05 2.3484e-06 7.74052e-05 0.000154902 0.995642 7.1961e-05 2.4112e-05 0.00392362 5.40454e-06 1.35984e-05 
0.0128815 1.12111e-06 1.66871e-05 1.78496e-05 3.12703e-05 4.18272e-05 6.60015e-06 4.08029e-05 0.986962 8.52624e-07 
0.0146001 0.0034043 0.0213584 0.299912 0.0125081 0.589712 0.00905221 0.0427528 0.00375557 0.00294421 
2.33532e-05 1.00283e-06 1.36236e-05 3.75067e-05 2.43266e-05 0.000177542 2.32803e-05 4.67211e-05 0.999649 3.74474e-06 
1.02502e-05 9.37528e-07 0.000238878 0.000198392 2.91301e-05 1.72634e-05 0.99947 3.017e-05 3.78765e-06 8.02029e-07 
0.000561643 0.510365 0.0212029 0.00180728 0.00102343 0.000910801 0.000206086 0.00133239 0.000112807 0.462477 
0.999541 6.64973e-07 0.00020999 1.70019e-05 1.63883e-05 6.835e-05 4.22671e-06 3.41833e-05 0.000107721 6.48034e-07 
0.000111779 1.17884e-05 0.000952784 0.00651045 0.000251328 0.991749 4.09391e-05 0.000328334 3.38843e-05 9.61478e-06 
6.51457e-05 7.58723e-06 9.6232e-05 0.000199034 0.00118875 0.000413829 3.64028e-05 0.997981 8.97827e-06 2.81791e-06 
0.999705 6.74662e-07 0.00010486 5.001e-05 1.75042e-05 1.26976e-05 2.82772e-06 9.40992e-05 1.19334e-05 5.8991e-07 
0.000304056 2.69814e-05 0.00572245 0.000462524 0.953731 0.000462318 0.000104493 0.039094 6.85548e-05 2.35621e-05 
0.000356632 2.19422e-06 3.94315e-05 0.000121894 3.7057e-05 7.31562e-05 3.49566e-05 6.03699e-05 0.999272 2.32976e-06 
9.01337e-05 4.58796e-06 0.000108599 0.000175579 0.00231683 0.000127248 0.000136335 0.997021 1.38303e-05 5.51778e-06 
0.00015934 2.01516e-06 3.85955e-05 5.40684e-05 0.000215805 8.03069e-05 3.13856e-05 0.999414 3.60061e-06 1.23752e-06 
4.75744e-05 1.45264e-06 2.13394e-05 3.49533e-05 2.63068e-05 7.26213e-05 6.38826e-06 3.75814e-05 0.999745 6.29185e-06 
0.0104527 0.000836029 0.809065 0.0419707 0.0143707 0.0461524 0.00323003 0.0712425 0.00195115 0.000728338 
0.99903 1.31637e-06 0.000699756 4.76147e-05 2.64538e-05 2.44493e-05 5.75205e-06 0.00015876 4.77678e-06 8.08391e-07 
0.00188499 0.000149884 0.00236233 0.0171826 0.945546 0.00395668 0.000754449 0.027689 0.00034494 0.000128761 
3.01151e-05 6.3015e-06 5.94238e-05 8.79371e-05 0.000173071 0.00033291 1.17024e-05 0.99929 5.44949e-06 2.83456e-06 
0.000870886 9.14178e-05 0.00181681 0.146519 0.402171 0.00466709 0.000959004 0.442609 0.000214955 8.02397e-05 
0.000166597 4.02183e-06 9.61318e-05 0.000148838 0.000130396 0.000179662 3.22585e-05 0.999235 5.57398e-06 1.91576e-06 
0.0269311 0.000399151 0.113167 0.0297522 0.0072353 0.0146366 0.00333553 0.0145622 0.789544 0.000436981 
4.01137e-05 3.60399e-06 0.99937 0.000184706 6.03256e-05 0.000144501 3.40672e-05 0.000145629 1.38998e-05 2.68235e-06 
4.67833e-06 0.999885 7.43166e-06 2.08289e-05 1.50044e-05 5.6441e-06 2.16927e-06 5.12556e-05 5.53668e-06 2.24273e-06 
8.0376e-06 6.07197e-07 1.95222e-05 0.000191002 1.90961e-05 1.11808e-05 0.999726 1.91734e-05 5.06491e-06 5.19439e-07 
4.72774e-05 3.90907e-06 0.000141283 0.00037881 8.4633e-05 0.998971 2.85392e-05 0.000283061 5.85524e-05 3.09748e-06 
0.000247778 9.24768e-05 0.00159116 0.103178 0.000546323 0.892791 0.000373556 0.00106918 5.0187e-05 6.09019e-05 
6.93243e-05 5.97124e-06 0.000152843 0.00801848 7.99051e-05 0.979298 2.00913e-05 0.0123373 1.31813e-05 4.71857e-06 
0.00040939 2.52424e-05 0.000113046 0.998011 0.000272741 0.000317544 3.14069e-05 0.000804554 1.29132e-05 2.6278e-06 
0.656138 0.00608373 0.0543378 0.0599963 0.033424 0.0709903 0.0310152 0.0652857 0.00640688 0.0163222 
1.61383e-05 0.999625 1.80769e-05 2.80077e-05 0.00012182 1.65888e-05 1.37965e-05 0.000119723 1.40622e-05 2.65304e-05 
0.0403361 0.000758637 0.012731 0.817851 0.0363559 0.0419936 0.00308742 0.0333796 0.0129802 0.000526929 
0.00600945 0.000485216 0.0121945 0.0131013 0.929313 0.00817883 0.00891267 0.0178615 0.00352709 0.000416835 
0.986378 8.98205e-05 0.0019051 0.00166978 0.00146759 0.00122947 0.000396838 0.00424606 0.00255459 6.26602e-05 
1.07415e-05 5.81122e-06 0.000111071 0.000116129 0.999693 1.89013e-05 5.6443e-06 3.38979e-05 3.46428e-06 9.6331e-07 
6.72015e-05 7.11309e-05 0.000348752 0.000462283 6.32733e-05 0.995561 1.38884e-05 0.00334456 6.4958e-05 2.92812e-06 
1.2599e-05 1.47409e-06 0.000397269 8.26637e-05 0.998908 3.97095e-05 0.000113673 0.000439954 3.3769e-06 1.26055e-06 
0.00117258 1.11871e-06 3.96476e-05 5.02545e-05 1.57422e-05 5.06541e-05 6.02436e-06 3.4573e-05 0.998606 2.38665e-05 
0.00258685 0.000244855 0.0291236 0.0797409 0.0106598 0.83031 0.000812695 0.0458476 0.000490921 0.000183254 
0.000130577 0.990773 0.000366113 0.000434627 0.000385653 0.000226487 5.19451e-05 0.00114696 0.000108852 0.00637555 
1.25063e-05 3.31954e-06 1.06965e-05 6.55251e-05 1.19505e-05 5.99604e-05 3.63973e-06 1.73654e-05 0.999813 2.50971e-06 
3.91139e-05 2.94781e-06 4.90383e-05 7.96269e-05 3.76771e-05 0.000232474 2.64761e-05 0.999526 4.57483e-06 1.57236e-06 
0.000832786 5.11354e-05 0.00280438 0.973047 0.0118279 0.00739161 0.000495686 0.00338463 0.00011995 4.47756e-05 
1.64067e-05 1.82143e-06 0.000130914 5.73116e-05 0.999497 5.63234e-05 1.00972e-05 0.000224333 4.04955e-06 1.51164e-06 
2.64458e-06 4.8082e-05 6.82489e-05 1.29111e-05 1.1786e-05 8.84089e-06 1.60724e-06 6.42114e-06 5.29011e-07 0.999839 
0.00315682 0.000145688 0.0028997 0.00699495 0.0160855 0.0308844 0.00201985 0.937277 0.000409233 0.000126922 
0.00120326 1.74816e-05 0.00883773 0.000731962 0.979361 0.000338077 0.000315592 0.00912371 5.57278e-05 1.52627e-05 
0.0440539 0.00101367 0.0550084 0.0506936 0.69462 0.0386254 0.00885971 0.0723616 0.0287628 0.00600086 
3.2336e-05 2.55094e-06 0.99908 0.000214301 0.000213679 0.000112517 1.72444e-05 0.000318898 5.96772e-06 2.22767e-06 
0.000607232 2.13563e-06 3.40835e-05 0.993302 0.000780282 0.000102679 2.24035e-05 0.00513782 9.21136e-06 1.8745e-06 
0.000729394 5.57059e-05 0.00118581 0.0169586 0.0115186 0.00109138 0.9656 0.00259563 0.000192946 7.15834e-05 
0.000949265 0.0090216 0.00903929 0.00564625 0.0123456 0.00120899 0.000380447 0.00239284 0.00103428 0.957981 
0.00011812 2.94087e-06 4.55654e-05 0.000179304 0.000224649 0.000584396 2.56575e-05 0.998809 5.75097e-06 4.15432e-06 
0.000876832 7.90464e-05 0.0106938 0.0058085 0.97321 0.00180786 0.000453588 0.00682041 0.000181915 6.79065e-05 
0.998008 5.67589e-06 0.00013692 0.000158594 0.000173093 0.000144054 2.89314e-05 0.000442699 0.00082735 7.44823e-05 
0.914625 0.00130153 0.0273801 0.011931 0.0168561 0.00832149 0.00206574 0.0162774 0.00097436 0.000266857 
6.69225e-05 6.01425e-06 0.000157432 0.00130314 0.000178749 0.996777 2.2831e-05 0.00146806 1.49788e-05 5.362e-06 
0.000111761 8.99184e-06 0.000248774 0.00141651 0.000176719 0.0127283 3.75861e-05 0.985241 2.2814e-05 7.8411e-06 
5.4171e-05 7.45707e-06 0.999214 9.1178e-05 0.000180679 0.00027541 2.29526e-05 0.000144568 6.92434e-06 2.58476e-06 
7.39554e-06 1.11147e-05 5.92884e-06 7.95706e-06 3.90044e-05 3.50381e-06 5.95221e-07 8.92351e-06 1.39522e-06 0.999914 
0.000198636 1.90194e-05 0.996077 0.00116665 0.000696955 0.000883793 0.000381983 0.000476784 8.27536e-05 1.66092e-05 
0.000374009 3.65365e-06 0.99865 0.000507889 4.87126e-05 0.000203506 2.41858e-05 0.000174606 9.80681e-06 3.92626e-06 
0.599762 5.09449e-05 0.00575993 0.00171434 0.00225932 0.00327223 0.00026005 0.00214911 0.380594 0.00417775 
0.999172 9.73414e-07 0.000520416 1.84282e-05 2.41787e-05 0.000109851 4.09411e-05 0.000108635 3.97586e-06 1.01564e-06 
0.279406 0.00216338 0.0555511 0.27848 0.184272 0.074724 0.00842103 0.109559 0.00552479 0.00189886 
2.40147e-05 3.28738e-05 1.84065e-05 2.69379e-05 8.16333e-06 1.21151e-05 1.50512e-06 1.71342e-05 8.49213e-07 0.999858 
0.99807 2.652e-06 0.00092019 7.35575e-05 0.000158821 0.000535424 1.78591e-05 0.000213181 6.18048e-06 2.30709e-06 
6.49873e-05 0.997981 0.000169188 0.000186142 0.000273582 7.53548e-05 0.000813648 0.00041614 1.40225e-05 5.88495e-06 
8.00472e-05 6.57512e-06 0.997334 0.000980934 0.000928933 0.000258329 3.7905e-05 0.00035566 1.31177e-05 4.89666e-06 
4.60428e-05 4.12245e-06 9.78654e-05 7.28575e-05 0.99816 6.91702e-05 2.35474e-05 0.00151106 1.13665e-05 3.52527e-06 
4.0756e-05 4.13498e-05 4.70438e-05 0.000262756 3.04791e-05 0.999351 3.78716e-05 0.000180775 5.52605e-06 1.97818e-06 
0.000600431 5.36538e-05 0.0376182 0.839569 0.0244281 0.0953166 0.000146595 0.00209453 0.000125857 4.69808e-05 
7.50617e-06 0.99984 1.73763e-05 1.61467e-05 2.62285e-05 8.30607e-06 5.66903e-06 7.61689e-05 1.1487e-06 1.86406e-06 
2.6236e-05 0.99925 4.5959e-05 9.24594e-05 0.000128384 9.11614e-05 2.47312e-05 0.000275296 4.77186e-06 6.05654e-05 
0.843274 0.000608436 0.0561706 0.0333005 0.0108954 0.0104785 0.00348969 0.0351484 0.00211777 0.00451709 
4.72557e-05 3.31849e-06 2.14533e-05 1.77905e-05 1.38496e-05 4.44399e-05 3.80863e-06 1.97121e-05 0.999825 3.43726e-06 
6.20077e-05 7.85272e-05 0.00014401 0.000696091 0.000101449 0.998616 2.41104e-05 0.000251766 2.02076e-05 5.66247e-06 
4.63746e-05 5.60366e-06 0.0954996 0.00262585 8.9535e-05 0.901506 3.31132e-05 0.000173747 1.56187e-05 4.45533e-06 
3.53059e-06 0.000232384 3.60671e-05 9.29958e-06 6.87795e-06 5.79704e-06 2.22805e-06 1.29279e-05 3.14449e-06 0.999688 
0.000300715 2.11437e-06 7.72333e-05 5.27979e-05 7.82147e-05 6.29445e-05 1.0848e-05 5.90002e-05 0.999354 2.32659e-06 
1.60408e-05 0.000170909 0.00053519 6.96304e-05 2.92759e-05 2.18267e-05 3.78895e-06 0.0001034 2.93607e-06 0.999047 
3.50625e-05 2.03783e-06 9.21014e-05 0.999548 3.59213e-05 0.000141363 8.55339e-06 0.000126244 8.76854e-06 1.78438e-06 
0.000154764 1.08054e-06 0.000113564 0.000495159 4.03493e-05 1.98969e-05 0.999129 4.15256e-05 3.69599e-06 9.24374e-07 
7.84949e-05 6.84356e-06 0.000171994 0.0028909 0.00602091 0.000126546 0.989792 0.000482473 0.000423905 5.87911e-06 
0.000961591 9.62845e-05 0.00278099 0.0563034 0.00176026 0.897698 0.000373895 0.0397155 0.000225857 8.43094e-05 
2.44478e-05 7.09331e-07 1.10092e-05 1.66143e-05 2.03312e-05 3.46081e-05 2.18683e-05 2.35577e-05 0.999846 8.62516e-07 
1.39351e-05 7.11859e-07 1.10729e-05 4.31602e-05 1.42192e-05 3.37601e-05 4.05558e-06 1.93494e-05 0.999851 8.30542e-06 
0.997848 1.53223e-05 0.00105973 0.000443189 0.000150689 0.000153081 1.9374e-05 0.000252842 5.34109e-05 4.67606e-06 
6.85894e-05 9.5141e-06 0.000188987 0.934602 0.00455602 0.000543864 0.0218458 0.0381526 2.74394e-05 5.58387e-06 
7.43122e-06 6.0607e-05 1.08084e-05 2.03398e-05 2.67252e-05 1.31299e-05 2.48433e-05 1.75575e-05 0.000138269 0.99968 
5.44416e-05 0.999227 0.00013469 8.29214e-05 9.04122e-05 5.65766e-05 5.01363e-05 0.000279799 2.17909e-05 2.67014e-06 
0.0468422 0.000324584 0.0257333 0.438997 0.00702606 0.00597682 0.458661 0.0149555 0.00120582 0.000277672 
0.00466619 3.00478e-06 0.000101675 0.000105743 3.66866e-05 7.51959e-05 1.52956e-05 0.000207471 0.994786 2.88059e-06 
0.999709 6.71602e-07 0.000108176 5.64525e-05 5.1846e-05 1.15223e-05 3.71906e-06 4.2909e-05 1.49058e-05 7.02629e-07 
0.000351624 4.62122e-05 0.00580781 0.00087383 0.982778 0.000690287 0.000156019 0.0088555 0.000142021 0.000298453 
0.0140429 0.00251075 0.0191381 0.398356 0.387492 0.115842 0.0107749 0.0477128 0.00300791 0.00112281 
7.50578e-06 0.999788 7.40286e-05 9.45373e-06 3.44569e-05 7.70548e-06 4.29057e-06 5.43651e-05 9.84612e-07 1.94247e-05 
4.66393e-05 3.58686e-06 0.000167137 2.87744e-05 4.17195e-05 1.63933e-05 0.99966 3.14794e-05 3.0202e-06 8.45153e-07 
2.84221e-05 2.09681e-06 1.39359e-05 2.71433e-05 2.22358e-05 1.37655e-05 2.38958e-06 3.14384e-05 2.36746e-05 0.999835 
0.00921951 0.000421032 0.00671944 0.0192254 0.0132101 0.0254473 0.00163888 0.920877 0.00287139 0.00036955 
9.676e-06 5.81236e-07 0.000253865 3.36302e-05 2.17048e-05 4.12232e-05 0.99961 2.55328e-05 1.98811e-06 1.97332e-06 
0.000287716 0.997569 0.000235806 0.00016784 0.000605135 0.000123147 6.62159e-05 0.000759269 0.00014218 4.38068e-05 
4.32296e-05 3.87807e-06 0.999223 0.000182382 6.21098e-05 0.000224129 1.49878e-05 0.0002368 6.85285e-06 2.66433e-06 
5.43854e-05 4.41282e-06 9.30839e-05 0.00405954 4.688e-05 0.994933 7.68223e-05 0.000716981 1.12096e-05 4.01273e-06 
6.33046e-05 2.24918e-06 0.999401 0.000142087 3.54454e-05 0.000145735 1.48796e-05 0.000187898 5.14936e-06 1.92219e-06 
0.00160575 0.000474121 0.00608495 0.0427728 0.00885236 0.925249 0.000536297 0.0139469 0.000351849 0.000125952 
7.09585e-06 8.59376e-07 0.000165182 2.0737e-05 0.999606 1.5109e-05 8.48516e-06 0.000173309 2.63884e-06 7.09952e-07 
0.000709076 6.8041e-05 0.00121708 0.0011569 0.284248 0.00132271 0.000331605 0.710773 0.000126514 4.72258e-05 
0.000614274 7.15414e-05 0.00868671 0.0028741 0.959507 0.00962167 0.00293001 0.0154529 0.000180296 6.14591e-05 
0.00011983 2.43253e-05 0.000195583 0.0268728 0.000131243 0.931313 7.0598e-05 0.000242515 0.0410232 6.92249e-06 
6.36261e-05 4.57203e-06 9.2069e-05 0.994497 0.000145123 0.00329635 1.91446e-05 0.00186189 1.66164e-05 3.99389e-06 
6.87653e-06 4.78239e-07 1.8649e-05 1.61054e-05 1.47274e-05 7.69879e-06 0.999915 1.88746e-05 1.41837e-06 4.49469e-07 
5.59947e-05 5.06409e-06 0.00340155 8.99731e-05 0.992274 8.02723e-05 0.000207546 0.00386842 1.27712e-05 4.35342e-06 
5.22643e-05 0.000385327 8.89634e-05 0.000368686 0.00194977 0.000415604 1.64196e-05 0.000111111 6.01481e-05 0.996552 
0.000125051 8.74942e-07 0.000111223 6.03808e-05 3.76986e-05 2.29975e-05 0.999595 3.99299e-05 6.02724e-06 6.71923e-07 
8.33153e-05 7.20155e-06 0.000139293 0.000784781 8.13221e-05 0.998593 4.10467e-05 0.000213849 5.18525e-05 4.45498e-06 
0.00374588 0.000295462 0.28035 0.0076704 0.0348509 0.00837865 0.648032 0.0154146 0.00101023 0.000252661 
3.11257e-05 8.68383e-06 0.000718654 0.0001015 0.00352722 0.000420782 0.000149169 0.995034 6.22567e-06 2.13975e-06 
0.000165479 7.23902e-06 0.999326 0.000185417 2.70835e-05 0.000141533 2.64851e-05 0.000114815 4.2283e-06 1.57837e-06 
0.996924 1.84987e-06 6.39801e-05 6.05792e-05 0.000148854 4.49241e-05 1.07382e-05 0.00273753 6.38173e-06 1.60928e-06 
0.00470253 0.000431732 0.178268 0.237094 0.0054188 0.558332 0.00167653 0.0130081 0.000673887 0.000393743 
0.995872 8.72832e-06 0.000272983 0.00010053 0.000275769 3.37787e-05 0.0028366 0.000511904 2.62475e-05 6.09802e-05 
0.00111812 1.62606e-05 0.000676381 0.000893679 0.000157241 0.996715 1.83667e-05 0.000302837 9.76929e-05 4.31354e-06 
2.24194e-06 1.71999e-05 4.31655e-06 1.10592e-05 5.3479e-06 4.48563e-06 1.07086e-06 4.93149e-05 7.32707e-07 0.999904 
0.298768 0.00149006 0.0237241 0.112197 0.0433443 0.0350674 0.00764495 0.0515722 0.324079 0.102112 
0.000952487 2.07878e-06 6.3053e-05 4.78332e-05 0.000287095 4.26329e-05 1.37523e-05 6.60871e-05 0.998523 2.23252e-06 
0.000332925 2.36519e-06 0.998812 0.000335013 3.24943e-05 0.000288282 1.20727e-05 0.000115152 1.45531e-05 5.49308e-05 
0.99988 7.22722e-07 3.3393e-05 1.29558e-05 3.8282e-05 9.60195e-06 3.40675e-06 1.56202e-05 5.4078e-06 4.46089e-07 
3.29925e-05 3.05029e-06 0.000406322 5.46474e-05 0.998925 0.000149958 0.000213406 0.000204765 7.01985e-06 2.62042e-06 
0.991277 3.90927e-05 0.000439056 0.000646348 0.000466728 0.000511431 0.000226674 0.00171219 0.00465289 2.82311e-05 
4.43161e-05 3.84938e-06 6.44753e-05 0.000495251 6.05967e-05 0.999075 1.58138e-05 0.000228996 8.8378e-06 3.29903e-06 
1.74523e-05 7.59606e-07 1.2718e-05 2.6365e-05 2.81466e-05 3.88481e-05 3.80749e-06 2.2398e-05 0.999847 2.87944e-06 
7.16779e-05 1.57358e-05 0.00017315 0.000855967 7.22967e-05 0.998369 3.96974e-05 0.000381357 1.31786e-05 7.53823e-06 
1.00399e-05 1.14765e-06 0.000157848 0.00028464 1.07997e-05 1.26385e-05 0.9995 2.108e-05 1.84862e-06 4.28657e-07 
2.13781e-05 1.68144e-06 3.11661e-05 0.000132522 8.30097e-05 0.000156438 6.51185e-06 0.999562 4.27223e-06 1.46835e-06 
0.00010598 5.37035e-05 0.000161586 8.70973e-05 8.45391e-05 0.00042913 2.56553e-05 0.999037 4.69889e-06 1.0634e-05 
4.15227e-05 4.83594e-06 0.00056749 0.000268726 0.997335 0.000272109 9.04034e-05 0.00140499 1.11293e-05 4.15442e-06 
5.72855e-05 4.53388e-06 0.000460169 0.000269202 0.000310091 0.998206 2.56619e-05 0.000652363 1.05823e-05 4.11432e-06 
6.08751e-06 0.999115 1.01723e-05 1.12675e-05 1.32648e-05 1.00478e-05 3.33413e-06 4.36103e-05 2.07256e-05 0.000766616 
1.33487e-05 0.999832 2.57969e-05 1.31947e-05 4.11618e-05 1.30605e-05 6.50437e-06 4.19676e-05 2.65355e-06 1.07098e-05 
2.10615e-05 2.46421e-06 0.000382625 8.48233e-05 0.999263 4.13467e-05 1.23469e-05 0.000179212 1.09197e-05 2.10724e-06 
0.0188591 0.000216555 0.418157 0.0127958 0.452575 0.0128042 0.000842945 0.0820878 0.000509194 0.00115235 
0.998775 7.71873e-07 0.000999172 7.03728e-05 2.84509e-05 1.50434e-05 4.25245e-06 9.23724e-05 1.35836e-05 6.71486e-07 
3.22579e-05 2.53064e-06 0.999366 0.000211789 2.52767e-05 0.000219153 1.48627e-05 0.000100382 6.54532e-06 2.08413e-05 
0.943581 0.000175293 0.00682451 0.00350012 0.00721437 0.00331177 0.000901503 0.00608147 0.028217 0.000193347 
0.000120691 9.21624e-06 0.000430958 0.997167 0.00153719 0.000205655 8.30072e-05 0.000416702 2.15674e-05 8.05082e-06 
0.000263184 1.23903e-05 0.99564 0.000340143 0.00140377 0.000385164 0.000112623 0.00181515 2.04127e-05 7.6198e-06 
0.0082543 0.000504366 0.838003 0.04477 0.0294528 0.0201048 0.0146582 0.0414146 0.00239653 0.000441642 
0.998796 4.39451e-06 0.000563385 7.82991e-05 0.000104652 0.000130592 6.6387e-05 0.000228886 1.55942e-05 1.15074e-05 
1.74808e-05 1.99764e-06 2.43985e-05 2.9599e-05 7.61208e-05 1.23151e-05 0.999801 3.3805e-05 2.50955e-06 1.00503e-06 
3.01498e-05 0.000652366 5.27333e-05 2.41179e-05 1.54821e-05 0.000101015 5.70421e-06 2.34984e-05 0.999093 2.12787e-06 
0.000167779 0.983373 0.000264115 0.000353655 0.000758253 0.000295338 8.82906e-05 0.00136243 0.0133013 3.60827e-05 
2.21951e-05 2.26006e-06 0.000601089 3.73808e-05 0.999055 5.16841e-05 1.86646e-05 0.000166543 3.3153e-05 1.17708e-05 
1.26989e-05 4.18073e-07 1.92641e-05 6.83127e-05 1.33522e-05 7.69831e-06 0.999853 2.31114e-05 1.68903e-06 3.5765e-07 
0.002335 0.000242751 0.0162513 0.20193 0.00994843 0.244552 0.000944915 0.523012 0.000570791 0.000213068 
2.78678e-05 2.67245e-06 5.30223e-05 0.989669 6.92045e-05 0.000152337 1.39875e-05 0.00999315 1.15074e-05 6.94189e-06 
0.000341186 2.82374e-05 0.000449583 0.986342 0.000726035 0.00337891 0.00309626 0.00554665 6.62381e-05 2.47258e-05 
0.00551387 0.82168 0.00831206 0.00751216 0.0411467 0.00837885 0.00215397 0.077461 0.0069902 0.0208508 
0.0013462 0.397332 0.00704596 0.00264993 0.00167326 0.00274438 0.000343781 0.00611826 0.00104395 0.579702 
3.12652e-05 2.64846e-06 0.999566 0.00011134 6.79918e-05 0.000121933 1.75212e-05 7.33435e-05 6.06352e-06 2.26343e-06 
0.000161372 4.42869e-06 5.77258e-05 0.00064589 0.0002756 0.00017105 1.57212e-05 0.998656 9.34628e-06 2.71968e-06 
0.999674 5.81942e-07 0.000175138 3.58685e-05 2.14113e-05 9.93338e-06 2.42673e-06 4.92547e-05 3.06203e-05 6.05738e-07 
0.0060732 0.000444042 0.00882476 0.788277 0.155176 0.00876851 0.00172844 0.0282769 0.00191523 0.000516011 
0.029925 0.00651595 0.000248383 0.00018637 0.000539641 0.000408958 8.52726e-05 0.000495472 0.961586 8.79396e-06 
0.0037807 1.75587e-06 9.47663e-05 0.000123648 2.20575e-05 5.55995e-05 1.18696e-05 5.19435e-05 0.995842 1.54166e-05 
0.996629 1.14132e-06 0.000111991 1.90359e-05 0.00308756 1.26205e-05 5.67817e-05 7.24444e-05 8.91333e-06 6.43204e-07 
2.64589e-05 6.26746e-06 2.73127e-05 0.000101761 8.6361e-05 0.000150988 7.10636e-06 0.999572 4.66227e-06 1.72892e-05 
4.59617e-05 4.34058e-06 0.000338676 0.00119358 5.87576e-05 0.995509 1.78102e-05 0.00281759 1.08104e-05 3.86983e-06 
2.72373e-05 1.88154e-06 0.000101273 0.000102336 5.588e-05 3.46463e-05 0.999613 5.45267e-05 7.8895e-06 1.60961e-06 
0.00231217 0.0002748 0.655596 0.00946377 0.0477014 0.0863461 0.000764252 0.196864 0.000505549 0.000172331 
0.00027259 2.86256e-05 0.00296905 0.00191994 0.990429 0.0024955 0.000147158 0.0016453 6.72816e-05 2.51153e-05 
2.62866e-05 3.63387e-05 1.69648e-05 1.16806e-05 5.47747e-06 6.61111e-06 8.81522e-07 1.16532e-05 6.28948e-07 0.999883 
3.93904e-05 1.75434e-06 0.98491 0.000209545 2.32114e-05 0.0141503 8.95471e-06 0.000651118 4.09434e-06 1.59185e-06 
0.00135649 5.09196e-06 2.01644e-05 2.6832e-05 4.04701e-05 5.25341e-05 9.88273e-06 4.3679e-05 0.998443 1.36075e-06 
1.16122e-05 1.01369e-06 3.03454e-05 2.0656e-05 1.77425e-05 7.85829e-06 0.999885 2.30345e-05 2.08214e-06 7.05416e-07 
0.00226329 0.000168819 0.00952357 0.014222 0.049132 0.0825819 0.000560318 0.841218 0.000240242 8.9679e-05 
0.999558 8.76585e-07 0.000211737 5.14103e-05 1.40066e-05 2.27436e-05 4.20578e-06 9.63962e-05 3.9587e-05 7.50279e-07 
0.00378037 3.42033e-05 0.000679747 0.109832 0.0249655 0.0367101 0.000407818 0.82348 8.04237e-05 3.00211e-05 
0.000160374 1.62212e-05 0.000449397 0.000377007 0.0780429 0.000500178 4.88935e-05 0.920362 3.23428e-05 1.1025e-05 
0.000788725 0.000117262 0.994115 0.000701607 0.00107647 0.00113295 0.000219448 0.00071002 7.22085e-05 0.00106616 
0.000186099 7.91125e-05 0.999214 0.000150469 2.8382e-05 0.000206013 8.37675e-06 0.00012135 4.24443e-06 1.78172e-06 
1.44692e-05 8.4546e-07 1.75606e-05 2.34036e-05 1.93038e-05 0.000131805 4.5909e-06 4.65294e-05 0.999741 9.68927e-07 
0.000108247 9.41073e-06 0.00170645 0.000208449 0.995389 0.000276889 3.64458e-05 0.00223497 2.20156e-05 8.21814e-06 
4.19012e-05 1.3519e-05 0.000183944 0.000258624 6.12068e-05 0.998305 1.17072e-05 9.08349e-05 0.00100877 2.42137e-05 
0.00015716 3.01743e-05 0.000131495 0.00040933 0.000586289 0.000529851 3.42131e-05 0.998091 2.24462e-05 7.71469e-06 
0.000298159 2.90514e-05 0.00152632 0.00159151 0.206205 0.00184458 9.7488e-05 0.788327 5.88891e-05 2.19825e-05 
0.0801419 0.00232157 0.0600314 0.133347 0.438089 0.196714 0.0119394 0.0682512 0.00712663 0.0020377 
6.47438e-06 4.79112e-07 0.000135972 5.9664e-05 1.24522e-05 7.51103e-06 0.99976 1.60739e-05 1.38378e-06 3.48949e-07 
6.12325e-05 4.51422e-06 0.000149977 0.000888219 6.93604e-05 0.998619 2.18779e-05 0.000166196 1.55553e-05 3.60279e-06 
7.59404e-05 0.993857 0.000263824 0.00014056 0.000422657 0.000147884 7.91298e-05 0.000929083 1.82367e-05 0.00406529 
4.46144e-05 1.93118e-06 0.000111168 5.36581e-05 0.000463098 0.000301159 6.52192e-06 0.999012 4.31422e-06 1.47063e-06 
2.25286e-05 1.74679e-06 3.72778e-05 9.51734e-05 0.00105013 3.29233e-05 0.998692 6.09652e-05 5.58478e-06 1.52956e-06 
5.30346e-06 9.21844e-06 3.91673e-06 2.26235e-05 2.18808e-05 5.7678e-06 4.45602e-06 7.72563e-06 2.00142e-06 0.999917 
2.42164e-05 7.48182e-06 1.29835e-05 5.65494e-06 5.87544e-06 6.48739e-06 7.92109e-07 5.41279e-06 9.20086e-05 0.999839 
0.000122539 1.24071e-05 0.000514331 0.000696627 0.703292 0.000263058 0.294674 0.000387341 2.75846e-05 1.0297e-05 
0.00074801 1.05617e-05 0.000204703 0.0678781 0.000402171 0.00654871 0.92382 0.000345441 3.30098e-05 9.04071e-06 
4.85283e-05 3.92902e-06 0.00409734 0.000405648 8.82277e-05 0.995063 2.93774e-05 0.000250292 9.9591e-06 3.56509e-06 
8.1609e-06 9.54828e-07 0.000103549 3.51804e-05 0.999488 1.6021e-05 9.56004e-06 0.000335845 2.39531e-06 8.16512e-07 
3.44554e-05 3.62689e-06 0.00016415 0.997266 0.00145071 0.000226421 0.000397532 0.000440753 1.32077e-05 3.17457e-06 
5.20127e-06 1.00773e-05 4.33559e-05 2.62354e-05 1.08957e-05 5.34045e-06 6.02078e-07 2.21486e-05 4.66553e-07 0.999876 
0.878714 0.000693011 0.00957622 0.0218486 0.0078034 0.0139941 0.00354442 0.0169721 0.0463405 0.000513764 
0.000297958 2.36472e-05 0.000429377 0.00107558 0.00159081 0.172924 9.69699e-05 0.823488 5.41932e-05 2.02296e-05 
0.998239 8.31913e-06 0.000723351 0.000135077 4.41263e-05 0.000234191 1.9656e-05 0.000471058 6.25622e-05 6.25669e-05 
0.0377873 0.564067 0.0559128 0.158426 0.0410788 0.0458332 0.00991046 0.0795778 0.00539341 0.00201329 
0.000114486 8.53288e-06 0.000951571 0.00131254 0.000120691 0.997057 3.3046e-05 0.000372548 2.16805e-05 7.76105e-06 
0.00748664 0.000627128 0.0103636 0.527346 0.0163105 0.0209131 0.00219402 0.413075 0.00122617 0.000457711 
8.60968e-06 2.64554e-06 2.0277e-05 1.40681e-05 1.79753e-05 7.69873e-06 0.999907 1.98547e-05 1.54248e-06 4.49465e-07 
0.00254325 0.000259856 0.00787577 0.807047 0.00292288 0.166199 0.0013364 0.0106384 0.000948929 0.000228082 
0.0106567 0.00134281 0.0155265 0.410267 0.0867119 0.395418 0.0381444 0.0390138 0.00212524 0.000793322 
5.53419e-06 4.18078e-07 2.35711e-05 7.21066e-05 7.8311e-06 1.0545e-05 0.999864 1.42866e-05 1.54241e-06 4.49446e-07 
6.79803e-05 2.57093e-06 4.74715e-05 0.000200233 0.00012187 0.000214493 9.9187e-06 0.999327 6.50736e-06 2.23656e-06 
8.53487e-06 6.7494e-07 1.49871e-05 6.04311e-05 7.09275e-05 5.06529e-05 0.999663 0.000127832 2.11578e-06 5.79468e-07 
2.86519e-05 5.66426e-07 3.59858e-05 4.02507e-05 1.01227e-05 1.0296e-05 1.66903e-06 1.42301e-05 3.60561e-05 0.999822 
2.15027e-05 6.06697e-07 1.54569e-05 1.40231e-05 2.13711e-05 2.96006e-05 4.0088e-06 1.55413e-05 0.999877 8.60756e-07 
0.00155116 2.48728e-05 0.987909 0.00050048 0.00643962 0.000833866 0.000164648 0.00247705 7.76608e-05 2.12697e-05 
1.52334e-05 1.85933e-06 0.000331584 2.72866e-05 0.998924 2.84227e-05 6.62692e-05 0.000600407 3.7238e-06 1.39005e-06 
0.000107145 3.19382e-06 7.69803e-05 0.000729107 0.000101175 0.000619835 2.32841e-05 0.9983 7.05951e-06 3.25294e-05 
1.90289e-05 5.64487e-07 9.45113e-06 1.26649e-05 9.62454e-06 1.25582e-05 2.82946e-06 1.64946e-05 0.999915 1.35306e-06 
6.53671e-05 0.999776 2.0144e-05 1.31949e-05 3.27105e-05 1.1565e-05 5.97429e-06 3.5462e-05 2.99822e-06 3.67885e-05 
3.20968e-05 9.74353e-07 0.000152559 1.94181e-05 0.999679 1.12779e-05 2.74022e-05 7.32985e-05 3.17515e-06 5.74781e-07 
0.000484769 0.953683 0.00124462 0.00145729 0.00201203 0.00108351 0.000187444 0.00181827 0.0379041 0.000124509 
0.998197 8.00547e-07 0.00166779 5.82954e-05 1.27132e-05 1.67538e-05 4.43003e-06 3.02689e-05 1.08295e-05 6.42133e-07 
0.989885 4.67586e-05 0.00322096 0.00193684 0.00151132 0.000881301 0.000342578 0.00143368 0.000690489 5.14519e-05 
0.00041836 3.46228e-05 0.00076467 0.0193967 0.00110759 0.976759 0.000131434 0.00127767 7.93946e-05 3.08679e-05 
0.999596 9.84035e-07 0.000228259 3.95554e-05 6.59002e-05 1.84264e-05 7.16267e-06 3.98121e-05 3.29205e-06 8.91613e-07 
5.58327e-05 9.24129e-06 0.000314279 0.953489 0.000116641 0.000115757 0.0456604 0.000211326 2.30549e-05 4.69163e-06 
0.0433905 0.000869377 0.0149345 0.0474492 0.798973 0.0164249 0.0141353 0.0608403 0.00222019 0.000763073 
0.000322619 1.28428e-05 0.011382 0.596327 0.000379446 0.000272101 0.390301 0.000949834 4.10605e-05 1.12456e-05 
9.19549e-06 2.28483e-06 6.73887e-05 6.64069e-05 1.4358e-05 1.14662e-05 0.999806 2.08599e-05 1.86644e-06 5.1118e-07 
5.76296e-06 7.64651e-06 2.12341e-05 1.44408e-05 1.59954e-05 6.64538e-06 8.24743e-07 1.39641e-05 5.16705e-07 0.999913 
0.000222258 3.87162e-06 8.30267e-05 9.28639e-05 0.000163104 0.000370799 3.61127e-05 0.999018 6.18652e-06 4.22922e-06 
0.998864 5.73015e-07 0.000911739 4.4714e-05 3.21074e-05 9.98562e-05 2.9208e-06 2.57584e-05 6.74399e-06 1.13483e-05 
8.46781e-06 0.998703 1.28644e-05 1.3354e-05 2.79255e-05 1.0415e-05 7.5178e-06 4.84618e-05 1.7326e-06 0.00116602 
0.0012197 0.000128033 0.00271512 0.952972 0.00148412 0.00322691 0.0342593 0.0035812 0.000301049 0.000112378 
0.0120738 0.000971 0.0378343 0.02662 0.0798778 0.0253199 0.00377964 0.810192 0.00247971 0.00085227 
3.40879e-06 5.01262e-06 1.91103e-05 3.73831e-05 9.08848e-06 1.58162e-05 1.24915e-06 9.04935e-06 8.02935e-07 0.999899 
3.80123e-05 1.85069e-06 1.77658e-05 2.92442e-05 1.87909e-05 5.68488e-05 1.12053e-05 4.41644e-05 0.999778 4.48674e-06 
0.000291995 2.40116e-05 0.000383212 0.99355 0.000525974 0.00147728 0.000279592 0.00335919 8.76841e-05 2.10755e-05 
0.00356715 4.39419e-05 0.00468323 0.00673183 0.000831212 0.00355722 0.978772 0.00159621 0.000162114 5.53055e-05 
0.000352986 1.79695e-06 0.999267 0.000117082 3.09217e-05 0.000123293 1.21474e-05 8.20423e-05 1.10831e-05 1.56923e-06 
0.000484663 5.79164e-05 0.00619228 0.988264 0.00247276 0.00082247 0.000215276 0.00126392 0.000192752 3.39918e-05 
3.8246e-05 2.54782e-06 0.999055 7.16206e-05 0.000230655 0.000459055 1.30049e-05 0.000121197 6.5115e-06 2.21963e-06 
1.71305e-05 0.999549 3.76427e-05 3.57018e-05 0.000158695 1.7082e-05 8.36264e-06 0.000100035 1.4226e-05 6.17078e-05 
6.63567e-06 9.87029e-07 5.35587e-05 7.28621e-05 1.0187e-05 6.57889e-06 0.999831 1.65474e-05 1.30584e-06 3.21058e-07 
2.87697e-06 0.9999 2.78494e-05 7.94246e-06 1.16894e-05 4.87043e-06 2.32015e-05 1.89659e-05 5.23269e-07 2.52001e-06 
0.00843895 0.000786728 0.0180164 0.890062 0.00707331 0.0438529 0.00706183 0.022749 0.00142603 0.000532318 
0.000517309 3.34973e-05 0.0017153 0.989281 0.000603645 0.00128558 0.000196389 0.00621517 0.000122324 2.94014e-05 
0.000270865 2.23893e-05 0.000638395 0.0201667 0.000908417 0.977071 8.5096e-05 0.00065994 5.14036e-05 0.000125427 
0.986296 6.99638e-05 0.00438249 0.00265518 0.00113135 0.00120492 0.000359812 0.00317316 0.00065033 7.71696e-05 
0.00345691 0.000143233 0.00284657 0.920546 0.00361639 0.0524655 0.000557537 0.0155291 0.000712894 0.000125719 
1.29043e-05 0.999802 2.73992e-05 1.23077e-05 3.02269e-05 9.70658e-06 3.68278e-06 8.78595e-05 4.51609e-06 9.32881e-06 
7.86849e-06 6.2448e-07 0.000103571 3.0424e-05 0.000170298 1.22068e-05 0.999644 2.6381e-05 3.77312e-06 5.34225e-07 
0.998426 7.30987e-07 6.13493e-05 2.18504e-05 1.06799e-05 1.70913e-05 3.04825e-06 0.000482434 0.000717759 0.000258689 
6.12356e-06 9.30738e-07 1.68714e-05 9.45755e-06 2.59661e-05 8.35342e-06 0.999905 2.23229e-05 1.4768e-06 3.73917e-06 
9.89198e-05 7.41657e-06 0.99189 0.00157474 0.00567756 0.000199791 3.13335e-05 0.000488409 2.56621e-05 6.34221e-06 
0.0115315 0.00108512 0.0848133 0.13621 0.597382 0.0450683 0.0444418 0.0670311 0.00230149 0.010135 
0.928154 0.000298714 0.0144084 0.00626645 0.00594105 0.00593854 0.0107544 0.00969952 0.0182781 0.000260859 
0.00908661 0.000720998 0.186739 0.0450889 0.692457 0.012351 0.00821428 0.0416432 0.00310074 0.000598372 
5.40555e-05 6.24752e-05 1.99412e-05 4.08514e-05 4.98418e-06 6.76231e-06 1.30299e-06 6.07677e-05 7.09104e-07 0.999748 
0.996733 6.95716e-07 0.00141323 1.90198e-05 1.88067e-05 1.13761e-05 4.18145e-06 5.60445e-05 9.83112e-06 0.00173428 
4.12811e-06 3.95576e-05 1.97102e-05 1.76289e-05 3.7633e-05 6.65306e-06 1.14881e-06 1.90642e-05 6.48424e-07 0.999854 
4.16149e-06 0.999906 1.87734e-05 9.64054e-06 1.69629e-05 6.00252e-06 1.5446e-06 3.32338e-05 6.44898e-07 3.41573e-06 
0.143029 6.28581e-05 0.00105138 0.00447622 0.00181701 0.00272067 0.000314759 0.00490036 0.84156 6.75069e-05 
1.06468e-05 4.32412e-07 9.24269e-06 0.000877019 9.69648e-06 1.78482e-05 0.999054 1.90645e-05 1.68768e-06 3.57364e-07 
9.1019e-05 8.25346e-06 0.998958 0.000331427 7.22154e-05 0.000331409 2.76862e-05 0.000158273 1.72535e-05 4.72539e-06 
3.09484e-05 2.05693e-05 6.47318e-05 0.000254652 3.42361e-05 0.998606 1.67156e-05 0.000951452 1.83218e-05 2.02843e-06 
0.0468454 0.000793094 0.0153621 0.840206 0.025439 0.0437621 0.00300887 0.0220878 0.00181756 0.000678469 
8.88666e-05 6.44883e-06 0.000452069 0.0121611 0.000104875 0.292054 2.49153e-05 0.695086 1.63462e-05 5.8515e-06 
0.941054 0.000122682 0.0240093 0.0038998 0.0108404 0.0043226 0.00834097 0.00693705 0.000366768 0.000106726 
4.51359e-06 0.999891 2.63284e-05 7.85603e-06 3.16202e-05 5.7451e-06 2.17975e-06 2.82296e-05 6.88829e-07 1.6866e-06 
0.999666 1.19103e-06 9.40584e-05 2.8623e-05 2.08102e-05 2.04827e-05 6.61121e-06 0.000156789 4.49073e-06 1.24903e-06 
0.997242 4.62196e-07 0.00215695 1.36017e-05 1.86294e-05 7.92962e-06 4.4075e-06 0.000545435 9.73737e-06 4.04135e-07 
4.29236e-05 3.43416e-06 0.998518 0.000876955 9.11814e-05 0.000280225 5.25108e-05 0.000124914 7.49931e-06 2.38923e-06 
1.47387e-05 1.72443e-06 0.000201919 9.41575e-05 0.999331 5.59719e-05 7.03017e-05 0.000224337 4.32597e-06 1.47463e-06 
0.000211929 1.535e-05 0.000413879 0.993539 0.00113664 0.00172029 3.4761e-05 0.00287571 4.34334e-05 8.83861e-06 
0.00861626 0.000656387 0.0130138 0.359779 0.520621 0.0371377 0.010262 0.0477987 0.00153972 0.000574758 
0.999347 1.27596e-06 0.000301933 3.71028e-05 5.67937e-05 2.40145e-05 9.3349e-06 0.000216971 4.42428e-06 1.11567e-06 
0.998304 1.72374e-06 0.001149 0.000103349 4.15418e-05 0.000157523 1.26109e-05 0.000179904 4.875e-05 1.5072e-06 
0.000618177 6.93001e-06 0.993356 0.000512565 0.00487104 0.000334013 0.000108777 0.000170794 1.59388e-05 5.94974e-06 
7.54343e-05 0.995406 0.000133345 0.000296256 0.000186596 0.000370391 4.23831e-05 0.000355551 0.00310864 2.54836e-05 
2.49141e-05 4.73522e-07 0.000266988 4.15332e-05 1.09963e-05 8.71933e-06 0.999622 2.24868e-05 1.60639e-06 4.05085e-07 
6.44569e-05 6.91724e-06 0.00016694 0.0222646 9.78101e-05 0.977054 2.63373e-05 0.000296916 1.59094e-05 5.93878e-06 
0.99807 1.67057e-06 0.00123157 8.42017e-05 0.000303947 3.14414e-05 2.10822e-05 9.46868e-05 0.000159563 1.46071e-06 
3.00474e-05 3.0563e-06 0.000239582 7.28336e-05 0.997807 4.95414e-05 0.000120372 0.00166778 7.40698e-06 2.52488e-06 
9.5243e-06 7.43466e-06 1.47002e-05 2.56315e-05 4.68212e-06 1.13249e-05 7.9676e-07 7.79217e-06 7.10592e-07 0.999917 
5.93317e-06 6.13852e-05 5.39838e-05 4.48612e-05 8.46342e-05 1.33159e-05 2.1742e-06 2.07715e-05 1.39755e-06 0.999712 
0.00134479 3.30527e-07 7.01629e-06 9.44577e-06 7.54424e-06 1.56034e-05 1.88259e-06 1.47987e-05 0.998598 3.69269e-07 
6.79258e-05 5.49532e-06 0.000105804 0.000802274 7.60965e-05 0.998703 2.81944e-05 0.000193192 1.28907e-05 5.01179e-06 
0.000190557 1.83854e-05 0.000249892 0.0051363 0.000601055 0.993211 6.58782e-05 0.000472672 3.99867e-05 1.43142e-05 
0.0032822 0.000274157 0.0057683 0.963391 0.00875408 0.00689336 0.00106463 0.00847346 0.000643105 0.0014554 
0.00456275 1.48361e-05 0.000339322 0.000307746 0.000599238 0.000410489 6.58421e-05 0.00055958 0.99313 1.00877e-05 
0.00107263 1.22427e-05 0.000361866 0.991628 0.000181119 0.00632635 5.60826e-05 0.000308617 3.3159e-05 2.02798e-05 
1.31865e-05 5.54039e-07 8.61799e-06 1.67564e-05 1.13692e-05 2.08059e-05 1.71184e-05 1.63088e-05 0.999892 3.22214e-06 
5.9866e-05 0.0796859 5.53655e-05 0.000106543 5.04755e-05 5.88907e-05 1.33106e-05 0.000205611 0.919752 1.17852e-05 
1.34991e-05 1.5794e-06 0.000243293 4.11318e-05 0.999125 6.38442e-05 1.95558e-05 0.000473957 1.69325e-05 1.35061e-06 
0.999352 7.70747e-07 0.000517561 4.99764e-05 1.27743e-05 1.52643e-05 4.24624e-06 3.11811e-05 1.51675e-05 6.70507e-07 
0.00011564 5.91496e-06 9.18595e-05 0.00109452 0.000116127 0.998372 2.95998e-05 0.000153999 1.4699e-05 5.26185e-06 
3.58047e-05 1.92478e-05 7.90661e-05 9.62487e-05 0.000756115 0.00090014 3.21936e-05 0.998071 7.25079e-06 2.49208e-06 
0.0014307 1.12938e-05 0.000770931 0.00152706 0.000124911 0.99471 5.78034e-05 0.00113269 0.000141 9.35904e-05 
0.000203666 1.34849e-05 0.000318479 0.000618823 0.0136941 0.000559906 0.000103852 0.984442 3.4181e-05 1.17479e-05 
0.00010956 1.00551e-05 0.998272 0.000261873 0.00041988 0.000379091 6.65608e-05 0.000449547 2.30346e-05 8.59849e-06 
0.0110049 0.000120093 0.937308 0.0170111 0.00927031 0.00552897 0.0140132 0.00536589 0.000274946 0.000102634 
0.00290221 0.361479 0.0102481 0.0102059 0.00902816 0.00608738 0.00171569 0.00866515 0.360803 0.228865 
4.74523e-05 7.49135e-07 1.03468e-05 1.69954e-05 1.81898e-05 8.01935e-06 0.999877 1.78986e-05 2.85789e-06 3.72565e-07 
0.000144379 0.998256 0.000535475 0.0001031 0.000454798 7.43445e-05 2.89375e-05 0.000125347 7.0966e-05 0.000206383 
0.00101284 0.000106441 0.00275236 0.0041178 0.985443 0.00214589 0.000547408 0.00353062 0.000250279 9.34257e-05 
0.00018617 0.993211 0.000498681 0.000811189 0.00117669 0.000248009 7.30648e-05 0.00125499 3.38609e-05 0.00250623 
0.00562531 0.00057666 0.00902298 0.0365252 0.0185811 0.861856 0.0019102 0.0643443 0.00115945 0.000398501 
3.28767e-05 3.08392e-06 0.00184406 6.80355e-05 0.996574 9.41741e-05 1.12985e-05 0.00136338 6.82505e-06 2.5477e-06 
0.00022554 1.98432e-06 0.999274 0.000208996 3.65546e-05 5.12635e-05 8.09196e-05 0.000113901 5.03445e-06 1.84572e-06 
5.07381e-05 4.87218e-06 0.000774393 8.23347e-05 0.992399 9.20491e-05 0.00204347 0.00453682 1.24424e-05 4.27644e-06 
0.000153852 1.23858e-05 0.977316 0.000553526 0.0212161 0.000320175 8.19896e-05 0.000304044 3.14435e-05 1.05916e-05 
5.14547e-05 2.91138e-06 0.000811024 0.00021535 0.000152837 5.58666e-05 0.998591 0.000105999 1.07409e-05 3.12982e-06 
6.6088e-05 1.46326e-06 0.000214629 7.52499e-05 0.998823 2.55856e-05 1.53563e-05 0.000774165 3.3521e-06 1.25129e-06 
7.68061e-05 2.86401e-06 8.50804e-05 0.996828 6.09351e-05 0.000676698 2.11393e-05 0.00223313 1.2353e-05 2.51381e-06 
1.6112e-05 4.52246e-05 2.6383e-05 3.50249e-05 6.25738e-06 3.14412e-05 9.18219e-07 9.73583e-05 4.85514e-07 0.999741 
0.000243586 2.73379e-05 0.000483569 0.848483 0.000511936 0.14421 0.000255252 0.00569219 6.21385e-05 3.14211e-05 
6.14161e-06 0.999917 5.79421e-06 7.82848e-06 1.21099e-05 5.02111e-06 2.16933e-06 3.7367e-05 3.07683e-06 3.73502e-06 
