4.65082e-05 1.02875e-06 0.000394174 3.91353e-05 0.999313 3.7367e-05 3.90516e-06 0.000160972 2.35898e-06 1.10657e-06 
2.23844e-05 6.56876e-06 0.999428 0.000255735 2.37204e-05 8.84573e-05 1.15868e-05 7.82565e-05 4.00983e-06 8.11779e-05 
1.32048e-05 0.999851 1.3429e-05 1.50661e-05 4.76667e-05 1.02124e-05 9.54749e-06 2.66311e-05 1.24443e-05 7.97554e-07 
0.000145627 4.23868e-06 0.000135943 0.000164195 9.68733e-05 0.00013215 0.00013399 0.000150802 0.991092 0.00794444 
0.000133555 1.43238e-05 0.000937648 0.00213019 0.995951 0.000352137 8.21936e-05 0.000353234 3.29645e-05 1.23052e-05 
0.000817224 8.95691e-05 0.00104353 0.0161231 0.0173082 0.00225243 0.00317989 0.959079 7.80626e-05 2.91397e-05 
0.000221859 1.13775e-06 1.89353e-05 3.09524e-05 2.05272e-05 0.000176501 5.65433e-06 6.24774e-05 0.999426 3.57341e-05 
5.71321e-05 2.22738e-05 0.00116762 0.000959968 0.000156986 0.997288 1.97335e-05 0.000311055 1.29466e-05 4.63452e-06 
3.02536e-05 2.34577e-06 4.86135e-05 9.02196e-05 0.00407013 4.42127e-05 0.995617 8.72199e-05 7.4998e-06 2.05404e-06 
9.76979e-06 8.36557e-07 2.02327e-05 3.49092e-05 8.97518e-05 1.40278e-05 0.999797 2.94571e-05 3.07773e-06 6.51705e-07 
7.79003e-06 0.978628 2.40752e-05 1.32971e-05 2.10363e-05 8.57679e-06 3.29458e-06 8.95894e-05 1.85308e-06 0.0212028 
1.20606e-05 0.999763 4.25711e-05 1.625e-05 4.82338e-05 1.36021e-05 5.8767e-06 8.25612e-05 1.23787e-05 3.18337e-06 
0.650979 0.000175394 0.29862 0.0225677 0.0115349 0.0032843 0.00139792 0.00698466 0.00430444 0.000152583 
6.62144e-06 0.999872 3.64841e-05 7.82813e-06 1.88297e-05 6.3805e-06 2.16924e-06 3.73653e-05 2.66008e-06 9.22336e-06 
9.61538e-05 9.40899e-06 0.00242019 0.000637626 0.993924 0.000220811 9.56524e-05 0.00256727 2.08231e-05 7.773e-06 
0.00142499 0.000116131 0.00355242 0.497793 0.0037394 0.0286748 0.000558815 0.463767 0.000272416 0.000101689 
0.000560104 0.961563 0.000579885 0.000538414 0.0013866 0.000328718 9.14283e-05 0.00203312 0.000202626 0.0327157 
1.06441e-05 1.10039e-06 6.08106e-05 1.94475e-05 0.999628 1.84633e-05 4.51058e-06 0.000254032 2.52081e-06 9.40984e-07 
0.019504 0.00296824 3.3128e-05 6.15821e-05 7.43776e-05 0.000127581 1.39147e-05 0.000342082 0.976873 2.40632e-06 
0.0121675 0.00121832 0.0490678 0.641548 0.0153857 0.239372 0.00473108 0.0325193 0.00292392 0.00106681 
0.033267 0.00147487 0.0605048 0.0697561 0.0250167 0.02534 0.00756701 0.0687175 0.707065 0.00129146 
5.73663e-05 5.84937e-06 8.66873e-05 0.000851003 9.95878e-05 0.998548 1.98144e-05 0.000280002 4.71988e-05 4.65352e-06 
1.40798e-05 5.52436e-07 0.000299453 0.000195727 2.12313e-05 4.30131e-05 0.999401 2.1866e-05 1.8896e-06 1.40097e-06 
0.0202326 0.00207156 0.0342295 0.387307 0.0452377 0.393506 0.013732 0.0963096 0.0047522 0.00262146 
3.43913e-05 2.61993e-06 4.82598e-05 0.00129163 0.00110098 6.76394e-05 0.997324 0.000118543 9.54458e-06 2.29411e-06 
1.84887e-05 0.000217652 1.07858e-05 2.02773e-05 1.7051e-05 8.14143e-05 3.95044e-06 2.0446e-05 0.999602 7.79198e-06 
0.00120832 0.000266985 0.00277608 0.0238708 0.00236593 0.930297 0.00120327 0.0376966 0.00022931 8.55983e-05 
0.00305994 1.13039e-05 0.00207653 0.00561911 0.987337 0.00110202 9.53795e-05 0.000662233 2.65793e-05 9.92168e-06 
0.00017357 1.29189e-05 0.997946 0.000507501 0.00033933 0.000465086 8.77766e-05 0.000403305 5.26859e-05 1.13392e-05 
0.0489268 0.00257573 0.058331 0.200532 0.104421 0.158003 0.010837 0.396611 0.00605642 0.0137062 
2.36651e-05 7.09285e-07 1.18493e-05 2.05402e-05 5.72359e-05 2.65772e-05 1.28729e-05 3.95613e-05 0.999781 2.61654e-05 
8.24981e-05 6.86661e-06 0.000195359 0.0110375 0.000273613 0.986342 7.01797e-05 0.00196852 1.7432e-05 6.11582e-06 
0.00673932 0.00013517 0.00473513 0.0038093 0.00864336 0.00369966 0.00428506 0.0345818 0.933209 0.000162269 
3.1361e-06 8.70134e-06 4.33268e-06 7.16068e-06 1.13696e-05 4.26392e-06 1.09313e-06 1.34729e-05 2.04929e-06 0.999944 
0.00088092 8.17063e-05 0.00247637 0.983678 0.00330655 0.00613411 0.000318044 0.00269973 0.000352414 7.17156e-05 
0.00308731 0.000327931 0.0133149 0.23867 0.427053 0.0295162 0.000982634 0.28604 0.000754692 0.000252899 
0.000317236 1.83775e-05 0.994825 0.000421705 0.00312304 0.000556113 0.000115031 0.000565476 4.20999e-05 1.57153e-05 
0.000371815 0.00125056 0.00202356 0.00117265 0.000216258 0.000449395 0.0001866 0.000685721 0.000250703 0.993393 
0.00102891 9.10996e-05 0.0268629 0.00454771 0.00475114 0.00343999 0.955503 0.00332219 0.000373459 7.97332e-05 
7.55674e-05 7.97667e-06 9.76162e-05 0.000125257 0.0004679 3.33171e-05 0.99912 5.24347e-05 1.79504e-05 1.68466e-06 
0.000880725 8.61482e-05 0.0016757 0.471473 0.0365093 0.0360803 0.00165084 0.451262 0.000307906 7.40075e-05 
9.69268e-06 3.82626e-07 1.59815e-05 1.81373e-05 1.42612e-05 9.65085e-06 0.999909 2.11519e-05 1.29804e-06 2.93843e-07 
9.4242e-06 8.39442e-07 3.79194e-05 3.19634e-05 1.37947e-05 1.07967e-05 0.999875 1.81063e-05 1.75745e-06 4.81331e-07 
0.000126703 4.45327e-05 0.00174975 0.000806914 0.000213916 0.996402 3.58495e-05 0.000385148 0.000226306 8.69586e-06 
0.0718148 0.000309306 0.170004 0.0403281 0.0200685 0.00960605 0.675091 0.0107053 0.00183013 0.000243135 
6.76311e-06 8.42131e-06 7.55718e-05 2.12408e-05 6.65754e-06 9.96328e-06 4.77116e-06 1.52739e-05 7.66227e-07 0.999851 
0.00568818 0.000558947 0.00814703 0.0286632 0.109571 0.136977 0.0123833 0.696143 0.0013907 0.000477979 
0.000566132 0.0313556 0.00221421 0.0013076 0.0030984 0.00195849 0.000243618 0.00350015 0.000133351 0.955622 
0.000149776 1.48819e-05 0.99407 0.000767477 0.00308043 0.000930106 7.45625e-05 0.000866053 3.40921e-05 1.27261e-05 
9.59348e-05 9.71319e-06 0.000181665 0.000675536 0.000431026 0.99789 0.000101964 0.000591695 1.50472e-05 7.55479e-06 
1.67578e-05 2.45583e-06 8.2459e-05 0.000119679 6.69663e-05 3.15863e-05 0.999627 4.70298e-05 5.14152e-06 1.40816e-06 
7.09463e-05 7.89905e-06 0.00191298 0.000271669 0.992542 0.00488196 2.99561e-05 0.000257722 1.80955e-05 6.7548e-06 
3.62229e-05 2.21888e-06 3.54121e-05 0.989006 0.000820858 0.000479638 2.32768e-05 0.00958525 9.57043e-06 1.94757e-06 
0.000209705 2.21252e-05 0.000535769 0.99012 0.000673805 0.00610841 6.02889e-05 0.00219443 5.62161e-05 1.93213e-05 
0.00449535 0.000129129 0.000815187 0.0103249 0.000914428 0.0014558 0.000145798 0.981634 6.25122e-05 2.3335e-05 
0.00402196 0.000120851 0.00946693 0.0026949 0.971855 0.00203706 0.00121046 0.00817072 0.000328498 9.31993e-05 
1.07612e-05 9.89469e-07 0.000224582 2.31773e-05 0.99938 2.24381e-05 4.23262e-05 0.000292541 2.48222e-06 8.46135e-07 
0.953111 0.000267302 0.00913065 0.0137766 0.00699534 0.00598977 0.00137142 0.00819582 0.000928183 0.00023406 
0.0193136 0.0806951 0.00578866 0.0055318 0.00454453 0.00382555 0.00114238 0.0193681 0.000567271 0.859223 
0.996388 7.32879e-07 0.00339397 0.000120141 1.69368e-05 2.74117e-05 4.64575e-06 3.18385e-05 1.55694e-05 6.02939e-07 
0.998749 5.30515e-07 0.00109687 3.02595e-05 2.0133e-05 9.9847e-06 5.36729e-05 2.39695e-05 1.50038e-05 4.63871e-07 
1.73627e-05 6.61383e-07 9.63422e-06 2.47329e-05 5.8137e-05 5.82177e-05 2.04147e-05 2.10374e-05 0.999789 9.0509e-07 
5.12216e-05 4.35799e-06 5.91525e-05 7.06795e-05 0.000235804 0.000308127 1.61771e-05 0.999243 7.53323e-06 3.91841e-06 
4.55278e-05 2.32136e-06 5.51144e-05 0.999574 9.38139e-05 7.97065e-05 2.59518e-05 0.000109554 1.14988e-05 2.02782e-06 
0.00187182 0.000173315 0.959713 0.00622908 0.0141555 0.00815157 0.000886607 0.00826222 0.000405363 0.000151317 
6.37753e-06 0.999844 5.2519e-05 9.47568e-06 2.03156e-05 5.32978e-06 1.64181e-06 3.29874e-05 2.889e-06 2.49301e-05 
0.00118044 1.97408e-05 0.0192005 0.978438 9.2068e-05 0.000779223 2.24434e-05 0.00024629 1.60129e-05 5.61593e-06 
1.72893e-05 1.33133e-06 0.00016881 0.033093 0.000169138 6.27362e-05 0.966425 5.76019e-05 4.16099e-06 1.26463e-06 
0.000357008 0.00517088 0.000163776 0.000168185 0.000160567 0.000185679 6.0408e-05 0.000300175 0.993424 9.26535e-06 
8.8509e-06 0.999857 5.00159e-05 8.46608e-06 7.77163e-06 6.30966e-06 4.18928e-06 2.33656e-05 2.63054e-06 3.15918e-05 
1.02913e-05 0.999909 9.23552e-06 1.25902e-05 1.00462e-05 5.7452e-06 1.96381e-06 3.09239e-05 5.74311e-06 4.88068e-06 
2.68419e-05 8.81115e-07 1.28688e-05 1.88071e-05 0.000106401 4.52109e-05 2.8321e-05 2.26636e-05 0.999735 3.0194e-06 
0.000409616 4.98339e-06 0.000995716 0.000392507 0.984643 8.36992e-05 0.0113751 0.00203359 1.69161e-05 4.51732e-05 
5.76317e-05 6.04966e-06 0.000176662 0.998371 0.000278823 0.000372198 2.67652e-05 0.000683259 2.20918e-05 5.30993e-06 
0.000272729 1.80312e-05 0.990214 0.000470181 0.00180136 0.00041244 0.000173284 0.00658345 4.05046e-05 1.36438e-05 
1.53039e-05 0.999745 1.63207e-05 2.01333e-05 2.2157e-05 5.97283e-06 6.25615e-06 4.15165e-05 4.35069e-06 0.000123318 
2.3549e-05 6.59096e-06 0.000147024 0.00020862 3.73265e-05 0.999432 8.87105e-06 6.88298e-05 6.51462e-05 2.08342e-06 
0.000259152 4.62307e-06 0.00021 0.000123051 0.954049 0.000121321 2.11579e-05 0.0451924 1.56399e-05 3.94859e-06 
0.000601585 4.9133e-05 0.00321624 0.897684 0.0418696 0.0250808 0.000170629 0.0311679 0.00012174 3.84751e-05 
2.67686e-06 1.20573e-05 6.67216e-06 1.64019e-05 8.33957e-06 5.9374e-06 5.39291e-06 1.19571e-05 5.2906e-07 0.99993 
1.1478e-05 1.2678e-06 0.000176967 2.20586e-05 0.999305 3.72665e-05 4.64484e-06 0.000437559 2.80579e-06 1.04736e-06 
2.65268e-05 4.95055e-07 1.18153e-05 2.05652e-05 1.69738e-05 6.69289e-05 4.3275e-06 2.23975e-05 0.999825 4.95922e-06 
2.01514e-05 7.5749e-07 1.10632e-05 2.4226e-05 1.6276e-05 3.88676e-05 2.77478e-06 2.02743e-05 0.999862 3.26196e-06 
0.000822478 0.000304004 0.962971 0.00460385 0.00112292 0.0262497 0.000498532 0.00311273 0.000258369 5.66615e-05 
1.174e-05 0.999765 7.0057e-06 1.21333e-05 5.71848e-06 5.5072e-06 1.77446e-06 6.4509e-05 6.59493e-05 6.08861e-05 
0.0425018 0.00102428 0.0234603 0.0337291 0.114357 0.0327819 0.00398705 0.74417 0.00308957 0.000899038 
4.28185e-05 4.98686e-06 0.00122684 0.000349801 0.960935 8.84278e-05 2.86158e-05 0.0373076 1.14766e-05 4.28407e-06 
0.891229 0.000178689 0.0195039 0.00400031 0.0373943 0.00305447 0.0121662 0.0312098 0.00110066 0.000162856 
1.26163e-05 8.4511e-05 7.92213e-06 1.45186e-05 8.94564e-06 3.23788e-05 2.69569e-06 2.43245e-05 0.999797 1.491e-05 
0.00184783 0.000113706 0.00330463 0.937569 0.00353282 0.00351291 0.00118714 0.048567 0.000266089 9.93276e-05 
4.44107e-05 3.37242e-06 0.000197483 6.65897e-05 0.999375 6.23604e-05 1.69752e-05 0.000221315 9.16698e-06 2.89715e-06 
2.46859e-06 3.14484e-05 0.000394293 2.20683e-05 4.68896e-06 1.0067e-05 1.28042e-06 1.04263e-05 7.5099e-07 0.999523 
7.67798e-06 1.18237e-06 2.93516e-05 7.66244e-05 1.38932e-05 7.69823e-06 0.999843 1.86791e-05 1.67516e-06 3.57646e-07 
1.61906e-05 7.29243e-07 3.9324e-05 2.86441e-05 4.93075e-05 1.34281e-05 0.999822 2.44749e-05 2.92201e-06 3.45688e-06 
0.0667659 0.00129993 0.00528364 0.00944503 0.00592817 0.0149461 0.0014778 0.116069 0.778442 0.000343318 
0.999431 9.89865e-07 6.68118e-05 8.74694e-05 3.43122e-05 0.000293374 4.09387e-06 6.65494e-05 1.4499e-05 7.4994e-07 
0.00605749 0.000582878 0.0158749 0.193239 0.0766492 0.0341432 0.00225736 0.669206 0.00148099 0.000509012 
0.000136018 0.0254759 0.000163641 0.000126747 9.02613e-05 0.000198073 3.54686e-05 0.000118928 0.973649 5.61877e-06 
9.12184e-05 8.694e-06 0.000241145 0.985189 0.000987952 0.0024008 4.2558e-05 0.0109768 3.83409e-05 2.3319e-05 
0.999511 9.61271e-07 0.000278363 2.78263e-05 3.31221e-05 1.64083e-05 6.99697e-06 5.65876e-05 5.40242e-05 1.46198e-05 
8.39075e-05 7.10345e-06 0.0802074 0.000199851 0.918452 0.000125977 4.70222e-05 0.000852842 1.782e-05 6.07445e-06 
8.70936e-06 0.999787 1.67202e-05 2.49029e-05 2.0368e-05 2.4003e-05 6.00474e-06 0.000101521 4.79735e-06 6.08051e-06 
0.000347605 2.34085e-05 0.00126726 0.990472 0.000858992 0.00591838 0.000120386 0.000916009 5.50415e-05 2.05462e-05 
0.000459059 4.2716e-05 0.000647427 0.00123364 0.973344 0.000692408 0.000169155 0.0232202 0.000156001 3.52887e-05 
6.12075e-05 5.0426e-06 0.00012945 0.000485055 6.36827e-05 0.998828 1.20186e-05 0.000241382 0.000125441 4.83549e-05 
1.96488e-06 8.71028e-07 4.89304e-06 2.46773e-05 4.24121e-06 1.3575e-05 9.184e-07 8.16102e-06 2.52127e-06 0.999938 
1.63569e-05 1.18165e-06 0.00034891 5.31187e-05 7.2926e-05 4.94634e-05 7.65227e-06 3.46146e-05 0.999415 1.24225e-06 
0.000205598 8.34891e-06 0.000155168 0.000457443 0.000342332 0.000348497 3.24207e-05 0.997623 2.12703e-05 0.000805607 
0.00763087 0.000828736 0.0208002 0.0688315 0.00909843 0.215441 0.00281706 0.672216 0.00170169 0.000635219 
2.23342e-05 2.66738e-05 1.41936e-05 1.95598e-05 2.12297e-06 1.72355e-05 7.40141e-07 1.14162e-05 7.32692e-07 0.999885 
2.90791e-05 3.21243e-05 1.40937e-05 1.20412e-05 4.1778e-06 1.01921e-05 1.29165e-06 1.75499e-05 4.16026e-06 0.999875 
0.000105029 9.94367e-06 0.000427647 0.000371326 0.98859 0.000167611 0.00990589 0.000293935 0.000119747 9.29733e-06 
6.62148e-06 0.999878 9.81767e-06 5.20588e-06 2.68697e-05 5.02092e-06 4.69401e-06 5.84389e-05 3.26202e-06 1.85221e-06 
4.14752e-05 3.83914e-06 5.75194e-05 0.000106852 5.36456e-05 0.000123567 1.26926e-05 9.04813e-05 0.999492 1.76639e-05 
0.992356 6.91917e-06 0.00614723 0.000440397 0.000137917 0.000367753 4.88207e-05 0.000408793 7.48336e-05 1.17719e-05 
3.82713e-05 2.97073e-06 0.99894 6.8169e-05 0.000554333 7.67937e-05 0.000177567 0.000132817 6.80548e-06 2.76492e-06 
4.71296e-05 3.9614e-05 0.000147903 0.000296577 0.000423913 0.996855 1.26549e-05 0.00216623 8.05548e-06 2.88365e-06 
0.00301952 0.165908 0.0011041 0.00068665 0.000336382 0.000639299 9.36348e-05 0.00117595 0.820434 0.00660244 
0.0228147 0.000119458 0.935036 0.0187865 0.0151984 0.0022515 0.000615791 0.00392539 0.00114735 0.000104601 
0.000741477 0.977528 0.00369677 0.00231664 0.00317441 0.000934526 0.00032341 0.00266795 0.000172362 0.00844445 
0.996926 1.06291e-06 0.00264664 9.1703e-05 0.000212677 3.09536e-05 1.54602e-05 5.54311e-05 1.87054e-05 9.24676e-07 
7.43541e-06 5.79783e-07 4.01843e-05 0.000221103 1.40091e-05 3.20502e-05 0.999653 2.929e-05 1.81097e-06 5.39825e-07 
0.00054619 4.64348e-05 0.00439771 0.0521978 0.00195311 0.938269 0.000216338 0.00222686 0.000108925 3.8017e-05 
7.3294e-05 0.0354146 4.37963e-05 0.000119537 4.15512e-05 8.64492e-05 1.49027e-05 8.70662e-05 0.964105 1.34496e-05 
0.010073 0.000689328 0.033419 0.734748 0.00743548 0.107746 0.0818932 0.0217708 0.00162085 0.00060504 
9.81191e-05 1.66353e-06 0.998976 0.000565898 5.68457e-05 0.000197331 8.56941e-06 8.92226e-05 4.59081e-06 1.52335e-06 
2.53609e-05 9.47734e-07 1.59248e-05 2.43838e-05 2.35162e-05 3.30052e-05 4.76755e-06 3.43432e-05 0.999833 4.69539e-06 
0.999711 1.58544e-06 7.69082e-05 2.91225e-05 4.40333e-05 3.99499e-05 3.16442e-05 5.49846e-05 9.34591e-06 1.20116e-06 
3.84247e-05 1.51233e-06 0.999039 0.000107118 2.15709e-05 0.000694762 2.2108e-05 6.88826e-05 5.78307e-06 1.31752e-06 
7.07337e-05 1.88952e-05 0.0499592 0.000656727 0.000198027 0.947719 1.46184e-05 0.000219996 0.00113896 3.43322e-06 
0.0455989 0.000828167 0.246291 0.543318 0.0373742 0.0718051 0.0058757 0.0464133 0.00185749 0.000638414 
0.347472 0.000439981 0.0179059 0.024831 0.454622 0.0170947 0.00461555 0.131598 0.00103455 0.000386182 
0.000873164 0.000235099 0.00136519 0.171283 0.0018886 0.812668 0.00026739 0.011197 0.000161521 6.02936e-05 
1.12073e-05 1.20704e-06 0.000357488 0.00537284 3.08074e-05 7.08974e-05 0.994112 3.71551e-05 4.83649e-06 2.00918e-06 
0.000173065 4.97562e-06 0.000200912 6.53358e-05 0.998341 5.54604e-05 0.000671683 0.000477598 7.57206e-06 2.82655e-06 
0.000258529 2.44396e-05 0.0111421 0.000901961 0.958435 0.00113881 0.000122449 0.0278994 5.59873e-05 2.08993e-05 
0.999575 8.51514e-07 0.000246958 4.76424e-05 1.0914e-05 2.18931e-05 4.70265e-06 4.188e-05 4.9415e-05 7.73386e-07 
0.999594 9.4383e-07 0.000196378 2.79879e-05 4.74251e-05 1.83112e-05 4.84733e-06 7.68043e-05 2.49928e-05 8.80262e-06 
0.00392376 0.000370556 0.00762164 0.498365 0.00597777 0.458186 0.00140669 0.0229815 0.000849733 0.000317194 
5.15732e-05 1.85351e-05 0.000876894 0.996232 0.000406998 0.00118203 2.294e-05 0.00119147 1.27294e-05 4.75173e-06 
0.00929581 0.000101102 0.00438482 0.866374 0.0171662 0.0135934 0.000392602 0.0881684 0.000435029 8.85276e-05 
0.00607255 9.04564e-05 0.00141283 0.00194302 0.00102647 0.00457621 0.00039639 0.00242642 0.97797 0.0040852 
0.000989852 0.000394037 0.00178091 0.877933 0.0521067 0.0406933 0.0232681 0.00250651 0.000248872 7.86542e-05 
0.999352 5.53686e-07 0.000544021 1.86003e-05 5.3082e-06 1.72778e-05 4.05075e-06 3.87787e-05 1.06367e-05 9.01432e-06 
1.38839e-05 0.000295392 0.00152975 8.6091e-05 6.3937e-05 2.7671e-05 8.22011e-06 3.99342e-05 2.96642e-06 0.997932 
0.0439979 0.00120602 0.023281 0.764426 0.015589 0.0329308 0.00468332 0.109935 0.0028944 0.00105604 
0.98867 1.13672e-05 0.00846421 0.000282112 0.000294331 0.000295323 4.42333e-05 0.00188677 3.93648e-05 1.18773e-05 
0.00104002 2.8273e-05 0.00284116 0.00892854 0.00101141 0.984846 0.000109791 0.0010965 7.20303e-05 2.5785e-05 
7.44348e-05 1.07206e-06 0.000211624 9.32618e-05 0.998972 1.91428e-05 4.15185e-06 0.000621118 2.72391e-06 9.362e-07 
0.116779 0.000107102 0.0157642 0.0359557 0.00275708 0.0275136 0.000415901 0.798894 0.00170064 0.00011221 
0.109232 0.00234543 0.303265 0.132593 0.146509 0.073376 0.131175 0.0839742 0.0063715 0.0111582 
4.18511e-05 4.96334e-06 0.000253112 0.000130138 0.99787 0.000212092 0.000199625 0.00127321 1.12173e-05 4.18728e-06 
1.67231e-05 0.999648 8.79142e-05 2.26478e-05 3.41075e-05 1.23078e-05 3.67465e-06 4.2089e-05 4.39081e-06 0.000128555 
3.11223e-05 6.51525e-07 0.000214776 0.000841572 1.25762e-05 1.57446e-05 0.998846 3.41754e-05 2.40366e-06 5.57361e-07 
0.000272156 5.18932e-06 0.000198593 0.000132743 0.00920142 0.000433682 2.81771e-05 0.989711 1.2666e-05 4.65923e-06 
9.71969e-06 0.999905 1.9698e-05 7.56324e-06 3.46228e-06 4.12904e-06 1.18573e-06 2.88415e-05 2.63221e-06 1.79095e-05 
0.000745043 5.41093e-05 0.000859445 0.946825 0.00153844 0.0422024 0.000356323 0.0072225 0.000149559 4.7267e-05 
1.44517e-05 1.39333e-06 6.3208e-05 5.06014e-05 0.000321645 2.67531e-05 0.999476 4.04031e-05 4.35478e-06 1.19269e-06 
1.47515e-05 6.47685e-07 1.08441e-05 3.38357e-05 1.42826e-05 3.16703e-05 2.84522e-05 1.8268e-05 0.999847 5.54076e-07 
2.4594e-05 8.18976e-06 0.000428021 0.000239101 0.000157243 0.998826 2.49683e-05 0.000192274 1.71083e-05 8.29286e-05 
0.00913434 0.000451473 0.00866956 0.476018 0.0766079 0.00831333 0.398818 0.0200911 0.00141019 0.000485347 
0.000120839 1.14513e-05 0.00022475 0.00105416 0.985924 0.000306765 4.36271e-05 0.0122636 4.07341e-05 9.83746e-06 
0.000141042 1.1493e-05 0.000744865 0.000423464 0.0453842 0.000260595 4.64774e-05 0.95295 2.82108e-05 9.69599e-06 
0.00094685 4.214e-06 0.000328542 0.994893 0.000883439 0.000210487 0.002551 0.000163821 1.53885e-05 3.69873e-06 
7.89405e-05 5.43677e-07 1.6454e-05 2.12379e-05 0.000170048 1.00112e-05 0.999679 2.11927e-05 1.84439e-06 4.651e-07 
2.71643e-05 1.09535e-06 1.49133e-05 1.77577e-05 1.63774e-05 2.88249e-05 6.70433e-06 2.62643e-05 0.999857 4.39716e-06 
0.000618313 0.876807 0.110159 0.00473092 0.000409242 0.00290204 0.00238823 0.00157922 9.3226e-05 0.000312183 
7.41107e-05 6.22035e-06 0.997664 0.00148857 0.000154167 0.000348325 3.83618e-05 0.000206699 1.32758e-05 6.22756e-06 
0.0418722 0.00042682 0.0804923 0.181019 0.582877 0.020834 0.00214701 0.0883859 0.00158032 0.000366445 
3.40081e-05 3.04616e-06 0.000131799 0.997529 0.000363057 0.000662829 1.18008e-05 0.00125352 8.41966e-06 2.66097e-06 
0.00260676 5.0056e-06 9.24272e-05 0.000416108 0.000121682 0.000461547 1.93117e-05 0.996241 1.26698e-05 2.33752e-05 
0.99544 5.68296e-06 0.00310613 0.000542505 0.000160068 0.000155994 3.14699e-05 0.000421791 0.000130986 4.96906e-06 
4.98823e-05 4.51914e-06 7.17798e-05 0.584606 0.000217301 0.414562 1.75072e-05 0.000455423 1.14859e-05 3.94768e-06 
0.994986 8.75701e-07 0.00485223 7.32404e-05 1.86455e-05 1.42805e-05 5.5511e-06 4.29434e-05 5.0892e-06 7.93817e-07 
0.000418925 4.02327e-05 0.00113455 0.00874961 0.00123205 0.915163 0.00015544 0.0729693 0.00010198 3.50502e-05 
0.000294932 4.85395e-06 1.96652e-05 3.50595e-05 2.40149e-05 4.9826e-05 4.12477e-05 3.01538e-05 0.999499 1.42648e-06 
0.0102874 0.000738032 0.0104224 0.144234 0.168742 0.0191425 0.00254202 0.611119 0.0292972 0.00347509 
0.389416 0.0568281 0.0169564 0.020001 0.00961639 0.00901033 0.0228125 0.0250616 0.00368502 0.446612 
0.999805 6.65054e-07 5.77406e-05 2.92025e-05 2.32047e-05 2.26622e-05 2.42177e-06 3.41875e-05 1.11001e-05 1.3567e-05 
5.70706e-05 4.22761e-06 0.386102 0.00141907 5.32646e-05 0.612091 2.01079e-05 0.000239152 9.89014e-06 3.8452e-06 
6.37444e-05 1.91881e-05 0.000295544 0.000857895 5.96985e-05 0.998468 2.98938e-05 0.000187328 1.51257e-05 3.90248e-06 
2.80938e-05 9.60945e-07 2.15138e-05 2.1548e-05 4.31206e-05 2.48627e-05 6.36356e-06 3.25275e-05 0.99982 1.03304e-06 
5.33913e-05 6.21822e-06 0.000513557 0.000395711 0.98949 0.0090915 3.12997e-05 0.000399146 1.43104e-05 5.34189e-06 
0.000599879 6.93977e-05 0.00762374 0.00128759 0.339107 0.00261908 0.000563731 0.647956 0.000126357 4.71673e-05 
9.28846e-06 5.99002e-07 9.99873e-05 7.35514e-05 9.24462e-06 1.4168e-05 0.999774 1.68905e-05 1.60874e-06 3.81143e-07 
0.0054781 0.000575042 0.0121278 0.344057 0.0325692 0.582187 0.00319653 0.0179518 0.00135212 0.000504729 
0.000291342 2.33292e-05 0.000461286 0.00129138 0.00178101 0.0475624 0.00024349 0.948271 5.45766e-05 2.03727e-05 
1.44131e-05 8.83746e-05 1.36763e-05 1.37939e-05 1.25884e-05 9.79506e-05 3.01626e-06 2.93879e-05 0.999723 3.51958e-06 
0.000193252 8.70878e-07 1.94543e-05 4.3305e-05 3.50571e-05 6.46491e-05 4.35561e-06 2.96275e-05 0.999609 7.74246e-07 
0.000252605 4.36182e-07 0.000324375 1.43704e-05 4.98025e-05 7.69425e-06 0.999326 2.30992e-05 1.30518e-06 3.57461e-07 
0.000104134 1.10518e-05 0.00028475 0.00081744 0.00590392 0.992059 4.04905e-05 0.000744783 2.44589e-05 9.50943e-06 
5.92138e-05 2.75556e-05 0.000141604 0.000782326 0.000298841 0.998179 2.5992e-05 0.000462386 1.70525e-05 5.86092e-06 
0.996127 6.37223e-05 0.00297286 3.00244e-05 1.71432e-05 1.42633e-05 6.34046e-06 6.89558e-05 0.000594437 0.000105743 
5.6013e-05 6.04194e-06 0.00174802 0.000133557 0.997653 0.000114023 3.99954e-05 0.000225377 1.88649e-05 5.16671e-06 
5.42939e-05 0.9916 4.63924e-05 0.000183808 9.35339e-05 2.88821e-05 1.23382e-05 0.000318942 1.52339e-05 0.00764658 
0.935411 0.000417078 0.00576107 0.00990169 0.00577225 0.00773115 0.00230815 0.0152647 0.01035 0.00708306 
0.00177085 0.000166304 0.00730559 0.453665 0.00577001 0.498459 0.000967132 0.0312604 0.000422548 0.000213666 
0.0170242 0.792116 0.0245932 0.056929 0.0126468 0.0386011 0.00675784 0.0410728 0.00819228 0.00206684 
0.00185607 0.000168205 0.00392449 0.926188 0.0145208 0.00535607 0.0256568 0.0217552 0.00042738 0.000146889 
9.42014e-05 8.20728e-06 0.0137444 0.000425552 0.000916543 0.0050543 0.979304 0.000420558 2.56824e-05 7.03388e-06 
0.999589 2.30535e-06 0.000240587 3.26092e-05 2.65382e-05 4.57081e-05 7.39961e-06 3.31165e-05 1.73369e-05 4.96644e-06 
0.00198485 0.000216334 0.011004 0.0184661 0.616901 0.00431245 0.0095505 0.335595 0.000470706 0.0014989 
5.8625e-06 0.999834 6.66285e-05 8.85242e-06 3.16257e-05 6.90411e-06 2.61949e-06 3.76111e-05 4.03892e-06 1.76154e-06 
4.86361e-05 1.31085e-05 0.000218592 0.000337651 6.38005e-05 0.999101 2.46977e-05 0.000153018 3.63885e-05 3.18773e-06 
0.000892244 4.54133e-06 0.997895 0.000543923 0.000195423 0.000226927 9.09896e-05 0.000132515 1.44456e-05 3.95635e-06 
9.3582e-06 1.04923e-06 1.34425e-05 8.57606e-05 3.71712e-05 0.000181695 3.08952e-06 9.97391e-05 2.20431e-06 0.999566 
0.000598789 9.94473e-07 3.37484e-05 1.90029e-05 1.87176e-05 3.93705e-05 6.57107e-06 4.8007e-05 0.999223 1.18369e-05 
0.00044533 4.34719e-05 0.987948 0.00555546 0.00139624 0.00239755 0.00029387 0.00170368 0.000178317 3.79628e-05 
3.1793e-05 4.83584e-06 7.90606e-05 0.000325275 0.000253604 0.00229176 3.12245e-05 0.996973 6.67558e-06 2.4919e-06 
5.86051e-05 2.17408e-06 0.999149 0.000118945 6.37109e-05 0.000136602 2.41706e-05 0.000441218 4.22567e-06 1.50027e-06 
0.793995 1.78635e-05 0.202528 0.00114155 0.000185667 0.00126732 0.000120296 0.000526437 0.000202252 1.55402e-05 
1.10489e-05 1.25147e-05 0.000144415 1.43546e-05 0.000185134 9.60797e-06 0.999596 2.47785e-05 1.6298e-06 4.46369e-07 
1.81809e-05 3.89012e-07 2.87815e-05 3.35434e-05 3.57111e-05 3.87275e-05 3.39627e-06 3.75286e-05 0.999801 2.43921e-06 
0.0119701 0.000932811 0.024926 0.317728 0.0522256 0.0222901 0.533782 0.033137 0.00213905 0.000869053 
6.4028e-06 8.3127e-07 3.51113e-05 0.00166856 1.41839e-05 1.30379e-05 0.998245 1.43042e-05 1.9058e-06 4.76645e-07 
0.000129994 1.20429e-05 0.000221273 0.00133378 0.000201592 0.997082 8.83717e-05 0.000841732 2.46697e-05 6.46496e-05 
0.161933 0.000946257 0.015649 0.0252734 0.00548653 0.0123176 0.00197573 0.0117185 0.764362 0.000337196 
0.527267 0.00216255 0.0371491 0.0477929 0.130529 0.0372435 0.0144965 0.151419 0.0467578 0.00518337 
0.00106961 0.000295568 0.00367253 0.0308064 0.00406357 0.955377 0.000492237 0.00378831 0.000355913 7.89195e-05 
0.000630197 4.38882e-05 0.000857073 0.00529775 0.00191487 0.0008272 0.989043 0.00124469 0.000102951 3.84302e-05 
2.99046e-05 2.14541e-06 0.999035 0.000137739 7.32072e-05 0.000295233 0.000315079 9.58595e-05 7.26229e-06 8.78209e-06 
3.8358e-05 3.86038e-06 0.000231323 0.995694 4.75763e-05 0.0020305 1.6121e-05 0.00192468 1.06413e-05 3.36311e-06 
0.254839 0.0273656 0.0675554 0.118374 0.0689938 0.102546 0.0199528 0.32269 0.014232 0.00345172 
0.985308 4.21941e-05 0.00313384 0.00125662 0.00069 0.000837937 0.000316345 0.00146352 0.00692086 3.10476e-05 
1.99142e-05 2.31673e-06 0.000170489 0.00131648 4.05017e-05 2.85934e-05 0.998349 6.38184e-05 7.53274e-06 1.3284e-06 
0.000347876 4.90815e-06 0.00140531 0.000108269 0.00203286 0.000281188 1.69992e-05 0.995733 6.54529e-05 3.83314e-06 
0.0030748 0.000215947 0.00343821 0.729258 0.00462852 0.0206815 0.00244276 0.235284 0.000786709 0.000189092 
2.06809e-06 1.24095e-05 0.00016166 7.34972e-06 6.88984e-06 4.27104e-06 1.56568e-06 7.92364e-06 5.28988e-07 0.999795 
0.0358307 0.00226065 0.111318 0.321995 0.0554007 0.217406 0.00948872 0.235459 0.00630701 0.00453428 
9.47283e-05 5.19439e-06 0.99801 0.000169267 0.000250358 0.000134275 0.000241937 0.00107705 1.18995e-05 4.83452e-06 
0.998909 1.93273e-06 0.000176907 5.70377e-05 3.01705e-05 0.000133284 2.01777e-05 0.000386654 0.000282201 3.0075e-06 
0.0002369 1.29575e-05 0.000242639 0.000393415 0.000258962 0.000266593 4.39894e-05 0.998506 2.88601e-05 9.91915e-06 
1.40563e-05 0.999578 4.89799e-05 6.03703e-05 2.45903e-05 8.17741e-05 1.25779e-05 0.000143048 2.27575e-05 1.42344e-05 
0.00277103 0.000255267 0.756652 0.16155 0.0035408 0.059606 0.00131274 0.0136679 0.000420346 0.000224054 
0.00125043 6.16674e-07 1.54208e-05 9.34272e-05 0.000773463 1.1346e-05 0.997821 3.13994e-05 1.92463e-06 5.27116e-07 
0.000499897 0.0965333 0.000969954 0.00145618 0.000776892 0.000645758 0.0181115 0.00098767 0.000144485 0.879874 
5.86119e-05 4.86135e-06 0.00016746 0.000436105 6.12869e-05 0.999072 2.43284e-05 0.00015865 1.20807e-05 4.32458e-06 
0.00534323 0.000466196 0.00929672 0.0450317 0.812786 0.0575434 0.0469545 0.0211553 0.00103649 0.000386907 
0.99735 5.62383e-06 0.00101975 0.000160857 0.000289879 0.000216706 3.83064e-05 0.000793751 8.51617e-05 3.98619e-05 
0.00465633 0.000471359 0.0595647 0.515636 0.00620085 0.0391594 0.00188834 0.0181264 0.353949 0.000346703 
1.45601e-05 1.21161e-06 0.000169123 3.40802e-05 0.983693 3.3724e-05 1.32066e-05 0.0160369 2.93635e-06 1.00094e-06 
0.0560956 0.000375423 0.00179441 0.00199201 0.00193775 0.00220774 0.00579695 0.00219298 0.927279 0.000327861 
0.0167757 0.00123779 0.0529033 0.602971 0.120695 0.120232 0.0063506 0.0745969 0.00315351 0.00108385 
0.0028272 0.000233043 0.00787006 0.920816 0.00739402 0.00802628 0.012496 0.039587 0.000546661 0.000204061 
0.000148536 5.20596e-05 0.000196707 0.0016413 0.000147397 0.991334 4.52097e-05 0.00619814 0.000168011 6.89917e-05 
0.000296623 3.18129e-05 0.00221618 0.989941 0.00446938 0.00194802 0.000121201 0.00086895 7.95163e-05 2.73296e-05 
0.000133488 1.07995e-05 0.000182468 0.0686088 0.000143187 0.930369 4.1937e-05 0.000475896 2.53327e-05 9.45636e-06 
0.998759 6.96503e-07 5.47256e-05 2.04332e-05 1.26123e-05 3.40568e-05 3.84657e-06 0.000972992 5.35507e-06 0.000136325 
0.0730455 0.0107377 0.191726 0.120164 0.0192266 0.269101 0.0100117 0.134242 0.00457763 0.167168 
1.63361e-05 1.02921e-06 0.000439919 0.000412567 2.26281e-05 3.87021e-05 0.999029 3.60241e-05 3.21478e-06 8.80464e-07 
0.000823475 8.35861e-05 0.0127362 0.00426271 0.939869 0.00143895 0.00267128 0.0378452 0.000196461 7.33362e-05 
0.00272367 0.00287747 0.00250465 0.00620279 0.00348743 0.00358265 0.000706585 0.00957811 0.0241951 0.944142 
4.70748e-05 3.30255e-06 7.86978e-06 3.11732e-05 2.39021e-06 2.48336e-05 7.41454e-07 8.6298e-06 3.35955e-05 0.99984 
1.40622e-05 6.42046e-05 9.52991e-06 2.38859e-05 6.90219e-06 7.31202e-06 1.6722e-06 1.19419e-05 1.72605e-06 0.999859 
6.27606e-05 5.60439e-06 0.000213534 0.0271852 0.970272 0.000137775 2.18153e-05 0.00208113 1.55647e-05 4.91911e-06 
0.000514154 0.024891 0.00144013 0.00112031 0.000611969 0.00132564 0.00015845 0.00103643 0.000365533 0.968536 
8.70839e-06 0.999691 1.43347e-05 1.93603e-05 6.16455e-05 1.47425e-05 5.71384e-06 0.00013415 2.19762e-06 4.83768e-05 
5.8837e-05 5.65977e-06 0.000111945 0.997619 0.000300247 0.00133117 1.47541e-05 0.000504062 2.42954e-05 2.9974e-05 
1.52135e-05 0.99989 9.67316e-06 1.17786e-05 3.17939e-05 6.44001e-06 1.68511e-05 1.62238e-05 9.54957e-07 1.55037e-06 
5.27646e-06 0.995852 2.92011e-05 8.16751e-06 5.98485e-06 5.0252e-06 2.1711e-06 2.17933e-05 2.66236e-06 0.0040677 
7.86823e-05 0.997882 0.000206526 0.000426145 0.00027788 0.000133202 0.000286448 0.000457399 2.56822e-05 0.000225689 
7.41849e-06 5.81033e-07 2.88657e-05 2.00727e-05 3.73719e-05 1.07055e-05 0.99987 2.24807e-05 1.81598e-06 4.9736e-07 
5.24224e-05 2.20084e-06 0.000121154 9.36445e-05 3.51295e-05 0.00497985 6.09196e-06 0.994704 3.67994e-06 1.37367e-06 
0.705057 0.000133454 0.25884 0.00301005 0.0116914 0.00229835 0.014931 0.00336251 0.000559806 0.000117136 
6.13542e-05 7.14561e-06 0.000656626 0.000340621 0.997178 0.000646489 4.10033e-05 0.00104519 1.78604e-05 6.13859e-06 
3.31021e-06 1.16871e-05 2.11166e-05 1.66882e-05 9.81471e-06 9.79024e-06 1.01781e-06 1.37471e-05 7.1056e-07 0.999912 
6.18431e-05 5.34844e-06 0.000136414 0.0124118 0.00027295 0.000565871 5.33489e-05 0.986476 1.19578e-05 4.46369e-06 
3.12342e-06 4.01741e-05 1.82979e-05 5.40967e-06 9.27288e-06 4.26375e-06 1.09309e-06 1.24614e-05 2.22562e-06 0.999904 
0.000210017 6.62471e-07 1.02819e-05 2.43198e-05 1.75462e-05 3.40018e-05 0.000567142 2.10453e-05 0.999113 2.21795e-06 
0.0099116 0.000753743 0.573346 0.144919 0.0115076 0.222135 0.00754962 0.0274953 0.00173464 0.000647519 
6.42616e-05 1.85494e-05 0.000764259 0.0186195 0.000165095 0.980113 3.01144e-05 0.000199846 2.09468e-05 4.82818e-06 
0.00478823 0.000413449 0.00698569 0.0893353 0.00633776 0.867975 0.00212125 0.0168736 0.0047922 0.00037707 
4.76325e-05 3.92421e-06 6.21056e-05 0.000464073 5.85742e-05 0.999119 1.3293e-05 0.000187847 8.72117e-06 3.45034e-05 
4.15199e-05 2.79034e-05 0.000106092 0.000115827 0.00149028 0.00051472 1.7958e-05 0.997672 9.11362e-06 4.70159e-06 
0.000785597 6.35562e-05 0.00256189 0.980582 0.00261447 0.00198018 0.00958297 0.00159756 0.000176091 5.56522e-05 
0.000561503 9.33669e-07 2.26764e-05 2.19764e-05 3.30793e-05 2.36437e-05 4.09145e-06 2.89971e-05 0.999302 9.13949e-07 
0.000203911 1.48715e-06 4.3146e-05 5.39743e-05 3.10547e-05 6.97737e-05 1.06212e-05 6.3574e-05 0.999521 1.59521e-06 
1.81033e-05 3.58934e-05 8.76844e-06 1.80986e-05 5.47454e-06 9.25875e-06 8.27369e-07 7.12333e-06 5.73544e-07 0.999896 
0.055032 0.000308108 0.0130235 0.320114 0.0069132 0.00591229 0.584427 0.0129619 0.00104524 0.000263577 
0.993343 9.32157e-06 0.00402725 0.000143843 0.00186909 0.000107307 5.77028e-05 0.00032048 0.000117382 4.9853e-06 
0.21366 0.00514791 0.391286 0.163341 0.02124 0.0466206 0.0127952 0.0799145 0.0485696 0.017426 
0.000165292 5.14383e-06 0.000182966 0.0102829 7.06579e-05 0.988945 1.98734e-05 0.000280835 1.30383e-05 3.45075e-05 
9.23963e-05 8.31271e-06 0.000261831 0.000254376 0.00810891 0.000721098 3.21165e-05 0.990493 2.10707e-05 7.24193e-06 
4.78433e-05 2.81175e-05 7.11449e-05 0.00288417 4.91313e-05 0.996563 0.000130794 0.000212401 9.86116e-06 3.53003e-06 
0.000945838 5.94616e-05 0.987813 0.00384612 0.000652392 0.00390903 0.00035006 0.00225776 0.000121145 4.52216e-05 
4.68219e-06 0.00874426 0.000200337 1.57219e-05 8.86919e-06 5.9821e-06 1.73924e-06 1.38968e-05 8.57692e-07 0.991004 
0.000400464 2.42181e-06 1.47152e-05 3.4493e-05 2.48574e-05 2.95036e-05 2.54576e-05 2.72715e-05 0.999437 4.20669e-06 
2.59962e-05 0.00239787 1.35814e-05 1.98739e-05 1.40068e-05 3.29741e-05 4.6214e-06 4.52371e-05 0.997443 3.1866e-06 
2.55544e-06 8.20705e-05 1.15118e-05 2.00998e-05 7.71911e-06 1.64316e-05 1.2206e-06 8.01957e-06 6.59157e-07 0.99985 
0.00061465 5.12152e-05 0.000815425 0.328912 0.00113777 0.663863 0.000198883 0.00423171 0.000130481 4.48461e-05 
0.00684431 0.000375631 0.0133775 0.0493791 0.619477 0.0056026 0.0180298 0.285863 0.000764929 0.000285538 
5.38025e-05 3.74612e-06 6.20969e-05 0.000131768 0.000347041 0.000493756 1.60772e-05 0.998879 7.83746e-06 4.44746e-06 
0.000110555 0.442874 0.00294241 0.000418469 0.000282398 0.000199862 9.57366e-05 0.000330084 3.22299e-05 0.552714 
0.000130824 8.09285e-06 0.000818828 0.0015425 0.00024185 0.9962 5.68937e-05 0.000973306 2.05134e-05 7.05039e-06 
6.51994e-05 6.3147e-05 0.000182682 0.000970063 0.000251089 0.991987 5.31471e-05 0.0062738 0.00014841 5.76828e-06 
0.000281697 6.29256e-06 0.00272186 0.00857194 0.000412149 0.987419 2.43116e-05 0.00038314 0.000173894 5.70971e-06 
0.000565922 4.28665e-05 0.000566759 0.194393 0.00287957 0.00221906 0.000119985 0.7958 0.00010414 0.00330829 
4.28883e-05 2.37056e-06 0.999403 0.000184756 5.6137e-05 0.00019504 1.36952e-05 9.60516e-05 4.73947e-06 1.76918e-06 
0.999778 5.7063e-07 4.49565e-05 1.3296e-05 2.28655e-05 2.30998e-05 4.21944e-05 4.43864e-05 1.95478e-05 1.12117e-05 
4.70988e-05 1.0946e-06 1.59867e-05 1.7257e-05 4.37934e-05 3.08996e-05 4.78608e-06 3.57463e-05 0.999781 2.24781e-05 
4.76321e-06 0.406658 1.67827e-05 1.01028e-05 9.20945e-06 1.27794e-05 3.69085e-06 2.44071e-05 3.03552e-06 0.593257 
5.45331e-05 3.52641e-06 0.999117 0.000138489 0.00014399 0.000281787 3.33724e-05 0.000215204 8.73711e-06 2.94306e-06 
2.77735e-06 5.65106e-05 1.70956e-05 2.21671e-05 4.8636e-06 2.07781e-05 9.16914e-07 1.69526e-05 2.53859e-06 0.999855 
0.292914 0.000108746 0.00199242 0.000767483 0.00067898 0.00111604 0.000224488 0.000990342 0.000174361 0.701033 
3.79289e-05 3.56567e-06 0.000728295 0.000838374 5.58934e-05 0.998085 3.45753e-05 0.000204327 8.8716e-06 3.1758e-06 
0.000236707 1.80355e-05 0.990796 0.00462816 0.000304409 0.0030909 0.000104634 0.000763776 4.20918e-05 1.57123e-05 
0.999606 8.2453e-07 0.000170048 4.87511e-05 3.46231e-05 1.54814e-05 6.27335e-06 6.38249e-05 5.35745e-05 9.54977e-07 
0.00133567 1.35484e-06 5.24792e-05 5.75068e-05 2.27753e-05 0.000212978 6.93239e-06 6.86162e-05 0.99824 1.23229e-06 
0.106662 0.00417695 0.0880928 0.0950487 0.128053 0.10867 0.0214813 0.415623 0.0285258 0.00366621 
8.39129e-06 0.999803 2.25448e-05 1.18027e-05 7.03944e-05 8.64354e-06 3.05509e-06 6.81921e-05 1.18011e-06 2.77651e-06 
0.000103482 0.0297653 0.000218068 0.000196826 0.000852976 0.000410366 3.88124e-05 0.000614021 4.40465e-05 0.967756 
0.858951 6.45715e-05 0.00182183 0.00455138 0.00174732 0.00128718 0.000358086 0.00191538 0.129126 0.000176477 
7.43246e-06 6.12204e-07 2.21097e-05 0.000110369 0.000785997 1.12799e-05 0.99903 2.937e-05 2.09531e-06 5.24043e-07 
0.000140306 5.81048e-05 0.000230746 0.940103 0.00323122 0.000656021 0.0547274 0.000809445 3.15841e-05 1.17899e-05 
6.72548e-05 4.73498e-06 0.000744967 0.988341 0.000153564 0.00685437 0.00356589 0.000252234 1.10771e-05 4.50039e-06 
0.00713648 0.00217143 0.00561891 0.00315777 0.000601694 0.00188282 0.000383193 0.00194642 0.00568617 0.971415 
0.000177449 2.15369e-05 0.0215718 0.028762 0.000400835 0.944552 7.49253e-05 0.00435983 5.34576e-05 2.58889e-05 
0.000102041 4.22682e-05 0.000188723 0.0249842 0.00171724 0.96374 4.03941e-05 0.00912827 4.71293e-05 9.48679e-06 
0.991298 4.86334e-06 0.00728913 0.000393069 0.000234936 9.15317e-05 0.0002051 0.00046117 1.83388e-05 4.2524e-06 
0.061921 0.000237292 0.130532 0.737817 0.0215195 0.00329055 0.00529192 0.0386664 0.000601636 0.000122432 
6.14348e-05 1.10378e-05 0.000207758 0.0004309 6.16177e-05 0.999048 2.44953e-05 0.000143137 8.32987e-06 2.98187e-06 
0.000519189 8.20801e-06 0.000480698 0.000261051 0.011451 0.000452678 6.90919e-05 0.986728 2.27411e-05 7.18716e-06 
0.00411109 0.000306995 0.855355 0.0411297 0.0762989 0.0106963 0.00208586 0.00902526 0.00072185 0.000269457 
1.74768e-05 1.37724e-06 6.74637e-05 3.86631e-05 0.000600496 2.14384e-05 0.99922 2.44455e-05 8.29014e-06 7.2162e-07 
0.00711266 0.000501041 0.229248 0.0811951 0.0365797 0.0403027 0.00194043 0.60151 0.00117215 0.000437546 
0.00530285 0.000547134 0.800017 0.02027 0.0222362 0.0102603 0.129877 0.0103963 0.000795377 0.000296904 
4.74113e-05 4.3539e-06 0.998738 0.000617249 7.61882e-05 0.000271977 2.88037e-05 0.000202015 9.96803e-06 3.72093e-06 
7.09424e-05 4.01602e-06 0.000174882 0.99895 0.000137951 0.000391168 4.20287e-05 0.000210474 1.46304e-05 3.51654e-06 
3.78724e-06 0.999895 2.87063e-05 7.85607e-06 2.67606e-05 6.38668e-06 2.17976e-06 2.55724e-05 2.67298e-06 8.35897e-07 
0.0266133 0.000791832 0.540025 0.204145 0.0118726 0.174467 0.00362974 0.0360047 0.0017853 0.000666427 
0.000169849 1.11148e-05 0.995016 0.000379117 0.00243488 0.000289079 0.000153984 0.00150189 3.63473e-05 7.53743e-06 
0.000227837 2.3244e-05 0.000423996 0.644675 0.000467957 0.204829 0.00341806 0.145802 5.3514e-05 7.92771e-05 
0.475234 0.0173077 0.00276688 0.00539059 0.00172141 0.00424961 0.000584648 0.00446994 0.488119 0.000156516 
0.00579969 8.86961e-05 0.00079413 0.000571102 0.000951396 0.000638776 0.000176437 0.000949687 0.990007 2.27926e-05 
0.000442767 3.30492e-06 2.57598e-05 5.22328e-05 2.88584e-05 6.87951e-05 7.67401e-06 0.000101916 0.999264 4.8536e-06 
0.00109395 0.000114833 0.0692622 0.105777 0.00129076 0.815241 0.000446992 0.00637941 0.000293258 0.000100792 
8.56491e-05 6.86916e-06 0.00234115 0.0232638 0.000130821 0.973922 2.60764e-05 0.000202325 1.57519e-05 5.87995e-06 
7.93774e-05 1.02707e-06 0.000176097 0.000117924 0.000100386 0.000597623 3.96247e-06 0.998913 2.59966e-06 8.08056e-06 
1.07863e-05 4.12327e-07 7.91083e-05 1.28937e-05 3.07531e-05 7.59249e-06 0.999788 6.8052e-05 1.65215e-06 1.04565e-06 
3.48049e-05 2.27394e-06 5.68806e-05 0.999019 0.000483336 9.64494e-05 8.25103e-06 0.000283843 1.23448e-05 2.51214e-06 
5.25389e-05 8.77896e-07 1.06765e-05 4.28319e-05 7.44419e-06 0.000135667 3.91041e-06 2.10599e-05 0.999722 3.38836e-06 
4.11208e-05 3.87141e-06 2.90542e-05 1.87559e-05 2.56194e-05 3.22476e-05 3.2354e-05 2.99385e-05 0.99975 3.70153e-05 
0.999472 5.86212e-07 0.000428074 1.74578e-05 1.0285e-05 1.0977e-05 3.22959e-06 5.12484e-05 5.40068e-06 5.09972e-07 
5.08384e-05 5.33656e-06 0.000275731 0.000663285 0.997692 0.000631845 0.000317003 0.000346264 1.25481e-05 4.68403e-06 
2.29366e-05 2.41344e-06 4.78495e-05 0.999536 5.00258e-05 7.40776e-05 2.19585e-05 0.000232516 1.03847e-05 2.11328e-06 
1.47997e-05 4.18947e-05 9.29076e-06 1.10316e-05 7.08819e-06 6.89541e-06 9.11914e-07 7.76343e-06 7.79314e-07 0.9999 
0.000103277 9.31199e-06 0.000185064 0.995873 0.00180699 0.000321267 9.76859e-05 0.00155535 4.01643e-05 8.17336e-06 
1.62338e-05 6.1709e-07 0.000333796 0.000120437 2.01908e-05 1.1363e-05 0.999466 2.81622e-05 2.70769e-06 6.63389e-07 
9.14612e-05 6.39971e-05 2.20457e-05 7.52459e-06 3.72718e-06 3.49932e-06 8.07118e-07 3.33046e-05 1.94798e-06 0.999772 
3.2536e-05 3.21426e-06 4.19561e-05 7.06389e-05 0.000269107 0.000411988 1.23506e-05 0.999149 5.75132e-06 2.99155e-06 
0.00025685 1.26886e-06 9.5404e-05 0.000435462 4.72353e-05 1.56699e-05 0.999104 4.06483e-05 2.65809e-06 7.27998e-07 
0.998871 5.34826e-07 0.00102369 2.49045e-05 3.60614e-05 1.00899e-05 3.92214e-06 2.52895e-05 4.24708e-06 4.6876e-07 
